  7.77
221.40
-12.45
254.53
118.90
171.61
176.78
 89.57
200.09
 18.88
-27.77
159.13
 81.51
172.59
 65.23
-147.95
 96.52
 74.48
169.95
129.70
220.05
101.41
179.79
179.98
-75.27
 73.65
174.61
105.11
 -1.67
-53.65
 86.67
101.46
145.98
158.74
 99.64
 50.83
129.76
139.83
341.61
 66.49
266.88
-17.62
144.24
348.63
-30.96
-10.21
169.54
249.01
 -4.17
167.62
179.66
113.77
 25.73
-39.56
 28.62
272.72
104.00
-114.42
121.80
 70.23
217.78
-20.68
232.80
200.77
-42.27
129.32
192.13
127.28
 55.67
110.98
 81.86
115.87
213.57
103.89
 64.12
142.31
 81.45
218.06
 55.97
-48.66
217.61
-47.42
 63.32
139.14
 87.90
 81.94
-78.86
 21.37
103.30
 95.13
106.14
154.51
269.28
146.82
-19.89
182.25
 80.71
-11.83
100.89
-53.30
174.99
-215.22
-56.19
 45.47
 47.43
226.18
-99.67
-39.15
241.64
103.06
 40.35
141.27
 56.42
 75.86
212.55
189.56
306.87
 59.15
185.81
-130.03
-18.38
191.87
  7.44
 48.12
 37.41
302.85
-61.71
105.95
131.41
168.62
-65.65
 77.87
171.10
-136.89
268.94
 -5.23
 46.25
110.99
200.04
145.59
157.23
123.33
  1.46
 71.39
-31.93
128.68
 60.70
284.91
142.54
 78.53
 48.15
128.19
101.54
114.06
116.03
 26.96
128.84
234.39
 41.01
223.59
 92.70
 95.03
  2.67
230.52
 39.71
 91.44
 98.42
-32.68
-35.04
126.06
216.83
148.96
 96.99
228.96
103.03
156.19
110.03
  7.78
 96.45
 44.23
192.60
 61.72
 67.68
-97.65
 71.59
 14.56
199.48
 91.35
187.24
 23.47
155.28
207.01
 32.42
 92.61
311.23
 98.49
239.43
 14.27
253.24
 38.77
 -1.08
 83.04
-22.68
211.78
-61.08
-34.25
-24.49
108.13
 98.93
239.44
171.35
 84.94
 54.33
 80.92
-148.25
101.44
142.78
102.50
 27.29
306.32
-22.08
  3.03
-43.76
186.34
-81.31
295.00
 31.35
191.54
 22.11
 -1.02
192.72
104.92
 88.15
 -0.91
211.49
 47.34
 91.81
 65.22
209.61
 71.64
-94.49
103.55
 69.98
 68.37
 99.47
 30.20
128.31
109.20
 77.24
202.08
 89.59
149.81
178.01
-163.44
 34.06
 70.77
-24.56
 10.17
-11.41
204.68
115.72
156.67
179.51
198.84
 66.80
203.16
-38.12
-95.36
-36.20
 66.24
 52.77
 98.03
258.94
202.74
144.94
-102.45
-51.21
131.59
123.20
115.08
221.25
190.32
167.22
 55.68
 35.76
-68.96
 63.29
349.88
144.75
  1.12
 70.68
 48.10
-77.10
-16.53
205.06
  3.94
273.72
283.93
291.47
  6.76
153.59
171.10
-77.49
262.04
112.57
 69.76
  8.86
 82.34
 90.22
188.45
 65.43
 67.90
146.08
195.47
 -6.70
 67.79
176.06
  8.57
 74.74
 43.49
105.30
165.70
 60.88
 62.65
132.12
150.75
 41.05
-33.50
 59.64
108.44
259.42
 93.36
-39.78
 -1.24
 96.14
166.86
140.84
 23.17
 95.19
 94.71
 75.66
 58.19
122.77
 85.08
120.85
 85.62
-67.26
-64.75
 21.73
209.93
-19.82
 -1.36
113.52
106.05
 93.66
148.74
 62.43
 -1.04
118.44
 63.39
 54.10
 -8.22
108.95
125.87
 20.12
138.34
-51.61
151.35
-30.93
182.14
 30.61
  9.02
153.44
146.34
196.68
199.67
 -5.96
-52.68
210.45
193.58
177.75
 71.01
128.95
234.46
159.51
123.98
-204.99
-69.18
 43.19
128.12
155.08
 96.80
218.24
203.70
181.99
215.66
187.02
-73.03
 10.39
219.61
145.19
139.01
 73.36
 93.92
 36.12
 53.56
159.58
  7.66
 35.76
 54.02
133.28
 84.10
113.91
 38.85
-28.69
 60.85
 10.40
-105.59
 28.86
 97.15
271.76
 52.83
190.24
 48.05
 14.06
  5.25
137.67
316.36
 85.04
-34.13
117.31
119.78
 88.95
117.03
  5.36
173.05
101.66
-107.12
-10.79
 74.26
 59.44
182.34
 72.95
170.44
 16.07
 28.66
119.16
173.39
146.08
151.37
143.97
219.66
-188.06
-21.62
186.49
139.03
 83.35
165.36
 56.35
240.60
152.10
115.33
 62.56
221.58
281.01
-17.26
145.98
-10.28
136.17
 56.80
 15.35
246.99
 79.14
 63.64
337.03
188.75
146.52
196.29
 10.65
256.75
 99.03
 83.79
 11.85
145.02
-84.92
110.32
142.41
-36.26
196.47
166.84
187.46
 85.44
 17.50
131.99
-77.27
 28.18
-29.85
-30.49
  1.91
217.63
 64.90
129.01
137.75
 56.22
 38.37
157.72
175.16
  9.78
 59.96
 93.87
 22.10
 43.35
161.91
-43.18
131.27
 87.84
151.02
 85.82
184.52
134.85
129.83
152.77
125.02
 40.57
 70.63
-23.39
-13.38
194.08
145.66
105.44
-13.85
 52.99
165.93
 78.55
 94.21
176.17
 90.19
285.90
129.05
207.43
 78.63
306.33
 51.78
 61.54
 85.94
 92.50
115.87
 40.82
189.99
 68.31
106.11
-14.78
142.24
169.70
267.36
249.30
-38.22
-35.74
 55.62
 62.52
221.26
151.25
101.02
218.98
-56.42
175.66
273.06
-12.33
212.22
 29.12
 65.17
141.07
129.14
147.72
139.74
-23.77
104.50
156.84
167.31
135.67
142.57
 -0.92
 51.13
 65.29
170.18
214.96
130.77
109.42
 93.02
189.73
260.95
101.00
 64.45
212.13
 21.66
 53.99
 73.32
 89.16
-161.52
252.24
 83.22
  1.97
270.71
 65.29
-35.66
165.16
118.77
 49.51
-40.40
129.76
 76.72
127.93
208.17
140.15
205.62
 66.00
 -1.73
 46.87
254.97
140.06
286.74
 87.66
132.35
175.85
  5.89
152.59
227.10
 89.70
148.29
  1.87
 57.34
341.24
202.86
103.68
-50.74
 79.62
-48.97
172.81
211.19
145.82
287.36
204.78
 59.60
 -9.90
 61.76
189.30
173.54
-127.35
177.95
-62.57
 42.83
106.67
 50.22
 15.92
-177.06
217.84
 11.65
121.16
135.66
 45.07
172.89
-39.16
  3.31
266.33
 44.13
 24.54
187.02
278.94
197.68
 71.89
 54.13
 25.87
117.66
 96.95
 -2.80
 13.88
 13.37
-54.35
214.76
  3.79
-135.00
 79.39
200.48
124.06
 93.90
 39.69
  7.94
110.37
125.56
219.68
 81.36
163.20
130.21
238.92
 57.39
-43.30
147.27
228.87
165.99
 95.80
-84.97
267.39
180.85
-112.52
222.83
218.93
-29.21
 78.99
217.55
 37.44
143.47
 91.59
 97.15
 72.26
195.01
-47.22
 -5.91
194.61
 18.55
 71.62
203.69
 36.77
106.24
-23.43
291.80
 46.47
 58.05
195.77
 59.00
 10.55
105.42
282.01
211.60
 32.52
115.54
175.90
 62.05
-70.92
 91.51
114.65
199.28
 56.07
235.58
  2.06
-121.59
-29.77
 42.33
119.47
150.13
292.86
150.06
 24.55
 93.20
 75.65
112.79
-42.65
120.30
 29.08
 23.73
230.27
196.28
 10.86
103.81
 25.99
 86.18
226.75
 11.65
-101.49
 87.13
102.56
103.47
 76.67
194.73
155.48
195.32
176.07
 35.70
 14.19
176.79
140.05
-46.72
 78.13
111.33
216.56
287.08
117.61
108.83
 54.52
100.91
 51.41
 53.26
239.80
124.50
 82.84
-77.37
-28.91
-67.13
159.11
-18.83
147.94
 48.63
164.07
 15.70
 61.69
100.47
 10.57
172.02
 80.37
 56.96
163.03
149.22
105.69
177.72
 10.12
153.60
-14.29
-59.69
128.51
221.32
 97.44
  6.41
 82.96
197.30
119.36
-46.61
129.63
241.15
164.61
 84.44
-78.80
-32.27
-151.61
128.05
-115.39
 62.09
139.39
 46.60
174.96
-42.85
 94.42
 12.27
 91.21
232.70
  1.94
185.81
124.13
128.27
 79.18
188.74
143.24
 79.18
107.48
300.72
322.95
 46.46
 34.31
 -9.10
 71.53
 -7.39
115.02
194.10
234.65
152.47
293.39
184.74
  5.27
 29.89
233.37
 63.44
-35.14
 38.61
 15.41
105.90
 40.51
139.77
102.65
-61.97
212.22
-27.96
 67.73
 87.29
121.81
 40.41
 39.81
138.36
-68.86
134.20
-43.60
 64.97
-59.16
151.29
 62.85
 98.70
 55.96
203.36
285.87
 53.23
 80.73
135.66
 75.15
 31.24
157.27
-11.67
159.21
102.99
243.04
 26.82
 19.04
217.48
146.37
 43.71
125.70
181.82
 44.63
124.40
228.20
 30.03
173.72
147.22
 98.88
 62.80
162.02
-87.15
123.70
 57.28
180.16
 31.19
242.10
180.00
176.75
194.72
190.70
108.52
 99.97
 66.98
-27.52
-134.74
-15.82
179.43
156.18
353.11
 42.82
 80.15
 96.98
 -3.59
165.29
131.53
187.22
 44.97
 74.35
 24.48
 88.87
-19.56
 10.55
115.99
 88.58
 87.16
182.61
195.99
 56.47
-41.90
 23.80
276.07
284.30
 33.54
119.11
 46.17
109.10
 98.15
210.24
 32.74
133.34
256.35
 80.23
 29.22
-23.55
180.99
-22.96
153.56
-125.66
 59.33
161.25
126.33
 92.69
 39.98
-18.46
-71.55
106.88
123.20
 42.03
192.17
285.77
 -6.61
193.69
 31.17
-48.42
 53.81
194.61
 12.84
186.03
123.41
112.02
-31.74
116.26
259.38
132.85
 23.31
 82.73
210.29
135.24
-38.28
 48.38
256.52
101.52
 -3.23
 49.03
 94.48
-71.49
-70.90
209.72
138.16
211.41
123.79
269.86
171.22
103.82
 28.81
  9.09
-64.02
146.44
 28.85
 74.40
 44.14
118.52
257.58
 94.22
 80.20
171.97
 72.32
  0.59
114.13
 47.91
 52.83
 83.39
 76.86
152.31
 60.97
  7.49
 57.92
-115.47
 76.78
 93.17
171.91
  7.04
 71.46
 58.85
 69.42
147.73
305.36
187.34
141.10
208.55
249.64
233.29
222.27
167.26
-15.92
148.25
300.89
177.59
 59.75
111.82
133.92
 91.73
153.23
114.59
 64.91
 94.28
348.94
 95.88
313.47
139.86
189.49
375.41
226.69
 88.36
166.25
 53.94
144.39
114.96
146.04
227.06
 91.41
275.18
-59.99
158.01
122.32
238.64
128.13
105.93
204.37
 39.37
 81.46
189.05
124.54
 90.73
-46.50
176.07
 63.99
 21.48
 96.65
118.58
-37.46
104.38
-70.06
 39.83
174.66
 80.77
113.43
165.48
108.34
276.27
254.21
-55.21
 78.94
203.31
 69.34
 16.66
157.96
-56.18
320.31
113.23
 20.51
 -1.19
 77.71
159.39
 88.55
197.78
165.57
 69.48
114.02
119.23
140.58
113.12
150.30
  9.90
 77.93
-32.34
216.74
206.44
 48.87
106.02
 98.61
 50.46
 77.22
 -2.31
107.37
-137.20
239.02
274.67
102.82
108.12
124.57
 43.57
244.42
 59.14
-17.75
256.02
 83.24
165.81
160.56
-51.96
 91.46
 75.45
 14.75
144.00
 10.49
-40.11
206.64
 57.22
173.06
227.66
-33.81
-129.22
 32.81
265.81
132.54
  2.33
155.25
177.20
  4.50
178.41
 -3.09
272.93
 86.98
 -6.40
 85.41
 76.59
280.63
238.37
123.70
204.78
 92.46
-230.37
120.37
228.87
230.01
119.21
-70.38
135.07
 -0.17
 59.90
-30.04
  4.95
 13.08
177.85
200.60
139.63
-67.44
-92.27
201.68
105.82
235.04
198.13
138.27
185.61
 87.54
286.65
100.33
299.76
-18.56
 55.25
278.91
158.94
  2.53
120.29
-49.42
-18.15
182.61
146.00
 74.23
226.61
 84.73
261.47
 43.55
127.61
192.49
234.69
-34.53
227.58
169.82
 61.29
153.42
 32.52
343.79
 58.67
191.39
-170.01
-36.30
222.94
119.34
 57.72
 83.02
243.99
-26.19
 74.37
 84.85
185.20
 35.53
155.90
 64.84
158.23
150.13
 91.57
 23.84
202.54
117.79
242.64
-11.55
-23.15
 67.55
156.11
 91.78
291.37
282.87
 84.96
-10.31
337.59
292.26
316.37
158.98
-155.29
 21.78
102.11
118.64
117.54
107.72
164.45
 76.36
155.87
194.21
 65.77
326.39
117.31
106.42
-73.31
-97.88
 -2.44
303.39
208.53
225.28
113.03
176.41
 35.74
301.75
 28.99
 42.84
 24.96
342.87
140.48
135.19
158.48
 41.89
 79.65
258.49
339.52
-16.08
113.69
119.29
 88.56
-96.31
  3.43
  8.17
101.84
-167.88
332.62
180.31
 79.43
 26.29
 72.85
198.88
 80.05
129.34
 74.14
106.92
102.27
 47.17
155.67
175.87
-84.21
-142.27
109.29
-161.28
208.96
-21.82
 76.97
 10.62
202.86
 18.23
113.84
109.49
142.66
 25.21
325.76
143.25
 -3.96
219.83
100.56
156.79
-51.95
 39.53
128.29
 28.99
 97.55
 37.18
 87.71
150.64
164.29
116.39
150.18
141.02
-47.19
336.51
251.42
 10.22
195.35
166.60
-51.80
 21.09
226.04
-13.04
112.03
152.48
 74.89
236.16
-50.99
 45.77
164.80
 62.96
247.24
 62.42
-45.74
150.34
 17.74
189.02
 67.02
 47.96
142.78
126.24
-92.41
185.78
118.75
147.26
 65.71
165.28
206.49
 21.81
162.92
143.94
-86.91
188.78
102.94
118.92
158.90
263.93
 72.66
 82.10
131.28
 46.43
 41.86
-27.22
241.04
 14.93
 85.18
183.62
196.54
 76.34
135.54
 30.56
-130.10
201.29
163.94
143.03
161.26
-17.37
-161.33
100.11
190.52
-59.76
161.41
 19.27
143.43
 56.15
190.34
158.69
104.32
 -7.97
-28.85
 21.86
189.54
295.26
 86.13
143.14
 78.51
 65.22
134.38
172.80
125.55
-22.49
 44.82
128.62
116.17
 77.35
 53.79
 92.15
-107.42
125.12
271.63
103.94
148.84
150.53
 69.40
374.05
105.85
 56.48
226.24
261.05
259.83
 92.82
221.47
177.69
-55.31
383.99
171.50
 39.50
 27.91
163.05
226.33
 92.34
143.63
 55.86
267.03
 -5.60
 73.67
 49.44
 55.93
160.64
125.15
177.93
 52.35
225.86
212.88
230.77
127.17
102.10
109.71
101.94
 84.42
173.49
 94.16
216.96
-32.03
211.61
191.54
 30.83
 11.65
260.98
 50.48
 91.20
103.40
-34.81
198.06
202.04
227.50
 45.04
 22.07
174.76
 93.45
177.57
161.36
-70.86
201.82
104.39
212.22
-163.23
185.04
115.84
103.43
141.37
105.92
-18.82
-61.65
-33.79
108.87
 52.98
100.13
 93.56
 52.45
 31.67
100.40
140.54
 74.18
134.68
172.29
 27.08
 -4.48
118.65
160.74
 74.43
170.15
-96.86
135.35
-106.50
394.10
136.72
-146.10
203.27
-31.80
348.74
 37.47
-56.51
 61.33
114.82
273.57
109.26
107.68
152.26
244.98
137.78
188.90
272.43
162.54
 -7.25
-37.55
168.57
118.15
223.23
117.06
107.21
210.59
228.55
102.81
149.26
 67.94
 68.55
-27.83
197.58
226.15
 36.23
-36.97
103.88
-46.35
  1.06
148.02
228.37
102.50
114.16
266.72
 51.58
104.90
 95.38
-70.51
116.74
222.89
149.43
209.28
118.89
106.49
138.80
144.78
 77.92
 98.98
282.94
 60.52
111.61
 32.97
202.62
 -7.99
192.13
 20.66
263.53
 72.18
308.25
124.64
220.76
-58.57
149.01
 25.38
127.05
-48.57
200.01
225.16
-83.65
 16.00
210.95
175.76
 59.82
172.12
 38.29
222.45
-107.60
189.29
 99.76
226.37
 62.87
265.25
  4.19
-78.79
 96.19
185.53
 28.67
 -7.77
 79.50
 87.50
 48.43
 93.30
180.89
 -5.87
198.33
  0.82
137.01
139.86
 81.57
 -2.15
210.88
141.27
 96.50
 39.75
164.08
137.53
208.35
 59.35
-28.94
 89.34
 -1.52
 83.05
 90.01
194.43
261.83
209.39
 53.95
 27.14
103.45
 75.13
 87.48
-98.44
 54.10
 94.74
178.72
146.71
119.91
-53.96
 79.58
 50.66
 38.00
191.94
211.01
 67.74
-115.45
 44.89
 25.76
 26.20
 62.78
107.76
-35.79
 70.19
120.96
-16.46
238.13
-87.11
153.46
238.92
 84.17
 29.80
 51.09
 45.99
 92.25
112.02
139.62
  2.26
-106.31
-78.90
211.53
-71.45
-57.02
 47.68
153.91
-222.09
123.51
206.23
117.86
 68.60
 70.16
 64.10
 13.91
 42.96
 51.65
237.61
247.46
 66.13
117.43
 34.52
316.82
-70.98
 43.92
 83.33
225.95
 69.60
190.61
136.34
123.19
-32.02
115.73
 76.98
  6.22
130.12
 93.80
290.15
105.26
 55.09
112.98
 36.53
166.09
 31.09
 32.96
-15.61
-23.08
-123.70
204.55
247.85
145.20
  0.84
161.15
-121.59
179.99
 92.64
-22.36
176.35
220.09
263.48
 10.30
 90.36
-64.47
266.13
-90.10
201.62
277.93
 91.54
 26.72
 49.14
 84.05
258.00
153.93
140.80
124.29
246.38
 37.34
-51.68
 96.95
  9.69
161.99
111.81
129.74
107.17
 22.55
171.46
 43.41
111.16
-32.26
170.57
 11.89
127.58
-47.72
112.42
 50.11
112.44
 45.65
127.26
-28.00
 61.99
 65.44
  7.06
 59.85
 -6.08
 76.14
  4.07
108.57
210.13
-97.32
-92.91
228.26
178.31
 75.67
 31.17
 61.60
115.91
197.76
-138.75
 38.61
-10.86
 94.87
  6.10
109.08
-55.90
220.67
 36.02
  8.60
 46.88
132.26
-115.85
 74.18
 39.18
192.96
 73.44
176.31
177.11
 78.52
 89.63
223.25
223.64
112.33
245.83
-45.95
124.50
-76.43
210.07
-88.24
224.65
-29.04
-48.91
-66.11
 43.57
-14.77
 92.51
 37.94
 75.77
 52.40
183.31
-48.39
268.88
158.05
 80.32
173.21
-27.78
220.84
288.15
-37.29
124.41
223.01
231.07
109.81
-59.96
 -9.54
 52.84
 83.36
-48.00
186.00
215.22
274.49
144.94
162.89
213.44
205.27
260.10
 98.15
293.78
102.16
 13.11
-14.73
 15.84
 67.47
180.06
230.19
-45.23
172.73
181.65
 20.95
127.22
198.19
246.62
 -7.95
206.92
285.12
 36.79
171.89
 95.31
-57.45
 45.76
174.81
144.32
 92.06
191.63
-17.57
147.51
 79.77
 25.10
102.38
176.03
 74.41
 33.15
180.59
319.98
  2.07
 33.92
 83.36
120.01
 30.66
-62.91
-154.69
180.75
206.97
131.56
178.90
116.61
 90.51
-49.58
 62.69
290.97
 82.76
 41.58
216.57
254.42
 13.54
 64.54
110.17
 18.34
170.45
245.06
 93.78
162.41
184.02
246.34
151.89
102.37
 97.59
250.16
 -7.66
 57.59
 93.48
267.73
177.84
135.98
112.40
  6.15
207.69
274.06
207.01
240.26
 87.13
125.60
261.34
-62.62
184.33
169.65
158.13
 53.54
124.23
187.94
200.56
161.90
 45.55
  2.56
 61.32
 94.00
 89.61
130.50
115.77
-40.91
 31.92
202.72
 84.42
124.47
179.84
-80.99
 83.90
 61.12
366.82
194.10
229.44
202.79
-71.10
196.43
 85.84
 17.70
221.73
 23.15
 77.11
 67.06
 19.29
113.25
 79.68
115.51
233.25
117.60
 -2.59
123.12
 40.13
151.44
182.39
-93.56
164.20
-32.17
143.87
 66.02
-101.47
185.81
 18.09
174.91
 79.24
 36.33
-14.74
-37.77
-98.37
 90.91
165.75
 46.12
105.62
123.58
156.35
 15.82
144.11
146.22
167.10
-31.97
-33.31
113.59
154.09
-147.56
242.44
  3.79
176.67
186.13
 68.25
218.77
 99.66
 82.14
222.94
197.05
129.21
-88.12
204.32
-20.43
107.19
 44.95
278.21
161.72
 10.69
245.63
-24.73
187.51
 73.25
 70.91
 19.91
186.97
 96.12
133.71
 98.39
 56.73
124.43
 72.98
209.94
147.23
 85.52
 36.11
 42.79
-12.47
148.00
 77.48
 97.16
215.38
-20.18
149.60
 64.81
 69.92
198.89
138.93
297.73
215.84
175.87
 -0.52
 26.32
304.18
 75.89
-15.18
 69.64
171.04
220.37
 -0.08
259.69
-13.44
172.05
292.09
137.10
174.85
109.13
 41.42
  0.30
140.11
202.70
212.73
-91.17
174.27
-34.93
 -2.25
-97.83
151.13
157.16
-16.98
124.35
-101.51
-161.08
155.40
 15.37
148.93
 -3.80
103.76
 71.52
194.40
 48.47
105.58
187.96
 34.48
116.10
 57.70
 58.61
 61.87
171.89
 57.83
-58.76
-91.12
133.91
 86.31
  6.77
126.01
200.22
105.53
 93.31
 28.60
204.73
 43.65
208.02
142.36
131.99
 81.42
-144.94
 41.05
154.07
130.13
141.90
215.92
137.11
 52.02
226.47
-98.82
204.52
 20.23
 15.84
216.41
 88.65
174.65
  2.57
217.42
154.77
165.21
-24.08
120.73
-36.72
121.90
258.32
 52.99
-230.09
156.49
 71.00
 -6.68
-148.25
 38.88
 68.02
-40.50
193.04
176.91
170.03
 62.32
134.66
133.66
150.93
180.99
 37.91
124.21
336.20
 35.75
148.63
 80.56
 35.79
  6.22
-47.72
247.02
114.56
174.35
 51.44
-63.71
234.95
 81.33
111.52
143.82
-112.37
219.62
-32.58
156.65
112.21
 76.20
 63.78
147.45
159.76
143.66
160.53
106.22
221.48
-48.51
  6.86
-15.35
110.12
125.88
-130.45
104.85
 77.03
206.50
142.33
 94.70
  3.70
-97.59
117.97
 27.03
120.28
219.92
 50.35
 51.01
146.21
 80.20
273.96
 57.24
-21.03
 80.05
238.07
-10.16
 23.85
-47.82
 77.56
174.67
208.93
340.85
 11.80
237.97
140.50
 24.84
-41.15
 81.08
228.03
 49.82
192.07
332.43
140.95
249.50
137.52
266.55
-40.26
177.83
 80.18
139.67
138.90
113.50
126.01
106.73
-48.85
294.01
 57.03
213.96
140.63
240.13
-60.43
140.68
148.87
181.67
110.39
 67.34
-13.87
 94.60
136.26
315.18
179.49
-55.88
134.16
115.13
131.25
191.15
 -4.68
233.55
150.87
 23.47
215.83
165.30
 22.86
107.57
-81.79
 -1.98
183.46
146.84
102.40
 86.91
299.41
-11.47
 81.50
145.15
 88.46
 13.28
125.29
-27.78
212.58
151.14
192.13
199.85
  8.80
 31.62
160.35
197.51
 65.18
115.19
 -7.58
204.33
113.55
 29.46
197.31
 82.99
242.41
231.45
282.28
113.49
157.67
 89.50
  6.39
 68.96
 46.14
 72.49
 87.67
273.55
136.49
216.55
 86.83
 64.36
190.90
208.97
100.22
 28.49
126.94
 64.06
199.49
 61.75
-142.71
114.77
135.63
104.00
112.25
 95.02
 77.98
 56.23
190.38
 85.47
160.77
 96.53
281.11
 77.26
 22.62
180.94
210.22
 35.89
175.88
198.07
-31.46
119.19
 52.79
-109.91
 32.45
387.62
263.88
 46.38
 47.94
 66.17
150.44
122.21
127.72
 76.81
225.03
165.16
228.24
126.96
108.98
-118.31
122.62
 31.16
 53.07
115.00
143.98
164.77
 60.94
101.26
113.63
 52.42
232.64
138.23
-190.84
 40.13
 50.51
-17.29
-45.39
 28.82
 23.17
 49.23
 37.88
222.69
116.40
 58.19
 59.69
  3.63
 -4.32
 75.43
115.57
191.31
 11.35
 87.14
137.11
198.05
147.98
 15.19
193.00
178.00
-78.05
220.65
 30.67
100.89
197.96
192.62
189.13
 13.14
 84.07
 -7.25
211.91
 98.03
 -8.58
167.02
 -5.42
 72.25
204.08
 59.19
 84.77
187.73
168.61
 16.97
 25.40
289.29
 52.70
176.38
178.49
104.75
  2.75
260.16
105.07
283.88
106.22
-48.41
 -9.40
 66.98
 61.36
 56.62
 94.23
226.43
 60.26
-86.05
183.45
104.37
196.13
200.38
104.29
-25.35
247.93
 22.88
 29.53
103.62
233.79
 63.61
 77.53
215.91
107.17
136.36
-105.03
182.10
 -7.63
204.33
 40.54
122.12
163.65
 25.39
 26.58
262.83
148.12
127.79
 79.47
300.28
-29.44
-27.17
112.97
 43.68
323.94
226.70
124.01
 76.92
  3.73
168.71
167.97
 94.95
107.20
 -5.20
253.81
-63.08
 49.75
 -9.28
-72.18
  4.14
 30.10
182.12
 59.73
 30.63
-28.82
148.57
112.05
292.36
 38.46
313.18
183.56
363.43
 55.02
249.01
277.71
117.84
 52.95
304.17
150.87
127.06
 -6.82
 32.48
157.18
173.17
195.06
 48.72
102.52
 41.08
248.21
106.84
-15.22
108.72
293.88
167.71
122.78
 48.86
210.15
 60.31
-105.56
303.77
148.45
-11.81
-28.82
 27.25
 -1.77
202.42
-32.85
180.93
-38.43
255.32
-106.17
156.39
146.19
114.59
-33.98
 25.92
157.40
 14.56
129.66
 70.39
 36.36
 12.20
189.72
-37.65
 38.68
295.97
 36.68
 14.74
150.37
-12.32
106.08
125.65
-72.39
132.08
-59.10
-29.81
 93.32
 17.77
-126.80
157.67
237.79
-49.86
159.23
167.75
-32.84
196.93
239.80
161.60
 52.82
106.19
-137.05
 -7.62
-53.79
163.65
121.65
-95.42
 51.07
107.23
-23.93
 98.30
165.99
159.31
 11.77
180.97
-168.98
 70.44
  2.44
107.05
-51.88
 95.03
193.88
  0.80
148.09
151.84
101.87
 14.27
-162.56
144.95
-26.43
 12.58
-39.59
160.52
 75.51
245.24
 54.75
 82.05
 43.39
125.42
 85.51
-104.98
143.06
101.57
103.86
 -5.53
-72.57
-104.03
104.38
178.55
 -2.02
121.81
 93.10
173.90
 40.59
 -1.23
159.26
222.53
226.17
178.63
165.54
 64.94
161.82
 30.29
 28.67
143.07
242.81
 87.57
143.29
 17.42
 72.47
 34.97
114.25
-134.61
123.49
260.42
215.27
234.03
178.56
-56.87
139.76
149.32
 72.67
142.44
 87.62
327.10
107.37
163.64
  5.03
257.73
 74.02
123.69
 61.61
 67.01
444.88
-14.55
138.59
105.70
 92.12
 76.51
 23.70
 52.31
105.97
 84.49
164.41
-29.31
247.70
124.39
351.94
 69.52
216.20
197.99
123.17
235.48
217.22
 79.56
-31.47
 -6.72
134.60
 40.86
135.41
160.78
-21.96
 98.21
233.28
 99.95
223.97
 35.75
-33.47
121.20
108.69
 52.72
152.08
167.39
133.61
234.32
239.14
 35.51
172.26
 84.13
-80.16
-20.32
337.80
208.16
 75.18
191.73
 82.92
127.32
 70.40
132.19
 40.18
  4.67
-14.82
 63.02
124.59
159.96
135.92
 29.00
186.80
  0.99
121.89
285.02
 46.61
110.08
126.75
222.44
-22.99
 44.25
125.38
124.16
106.82
 84.56
175.37
132.60
-49.01
146.52
 92.66
-12.87
125.42
138.54
 51.57
105.71
 63.66
-135.76
-137.21
-21.63
 87.35
-16.23
152.10
159.83
 91.17
-124.84
 46.53
 72.28
-62.95
248.76
257.53
182.00
120.79
203.34
156.29
 38.48
 39.03
 13.31
204.05
119.37
168.84
 49.45
 24.17
-11.98
322.19
-23.31
 42.59
-13.54
203.57
 94.90
130.42
121.66
 54.29
 11.94
281.54
190.36
 16.22
235.02
 41.98
 99.32
105.39
142.93
 18.53
273.81
108.82
111.11
 19.80
-60.23
355.37
 67.15
250.12
196.45
155.62
123.09
 61.59
153.40
 88.31
  4.43
111.45
173.76
247.77
 19.72
-87.70
  0.03
 88.94
 25.58
 76.15
 -1.21
191.97
 93.23
-92.57
 69.49
178.31
201.15
340.60
123.82
 29.14
172.90
 32.31
203.95
 52.69
 89.03
114.14
 25.94
 11.39
187.75
254.87
109.06
 17.71
 77.67
176.37
 61.20
 99.49
105.31
135.46
 21.00
-12.28
146.33
203.47
-42.63
165.70
 50.78
113.04
134.44
101.50
124.15
150.90
149.16
-76.92
171.21
215.27
157.13
187.04
 18.03
200.27
 81.70
141.64
111.34
 33.01
184.35
  3.98
  8.54
 -1.34
 67.02
 76.26
122.60
230.05
270.04
 34.36
128.64
153.70
 31.74
-118.94
 77.79
132.77
 52.82
262.41
-70.94
146.63
161.68
 -0.57
130.73
145.92
186.68
197.96
-15.07
205.36
 78.15
 10.23
 53.68
213.35
-55.20
190.76
190.33
151.16
 94.97
 82.22
164.21
-11.00
183.85
 -0.00
 -9.38
 70.11
 33.37
123.63
 67.11
112.18
130.63
183.44
121.26
141.63
168.26
195.83
 84.15
121.29
137.17
203.54
266.33
143.57
110.34
 21.33
201.03
186.46
145.70
314.15
 28.93
287.79
-23.04
127.06
153.95
 30.03
-132.16
 41.44
 45.40
169.01
 57.40
172.42
190.57
126.81
 81.94
197.32
175.97
162.79
129.72
178.33
222.82
109.56
207.10
209.20
 45.11
152.94
213.28
-61.29
 45.70
212.89
138.31
146.06
125.98
 37.86
 36.59
-41.53
248.95
102.50
142.12
 67.54
 85.06
175.82
178.73
212.74
 22.41
169.53
-65.26
  4.88
198.67
160.57
 76.08
199.56
179.53
154.01
199.42
120.23
-68.96
150.20
230.44
129.13
-109.73
  0.73
111.11
-37.75
179.91
 72.93
 27.58
-33.48
 78.63
 54.98
 24.56
 42.90
214.17
219.12
-66.01
 87.65
 49.84
 61.04
-25.86
114.72
143.02
119.66
 54.37
114.17
149.50
 13.71
 21.50
190.60
-92.33
 37.90
122.99
 75.24
242.02
 65.91
228.89
 86.44
 33.54
121.87
197.85
158.91
 68.28
108.56
-51.99
-54.55
 89.39
 27.50
 10.55
265.95
149.61
138.17
122.70
 40.52
206.25
210.81
 37.48
162.02
140.00
224.32
149.20
201.22
329.30
-19.20
129.71
150.27
 61.08
 82.86
182.80
 41.61
264.89
179.29
-60.81
147.92
102.06
156.53
115.92
 53.49
 99.44
-30.80
-10.56
 61.32
150.55
-89.23
 68.35
291.11
289.85
114.49
 34.16
135.97
286.19
 88.97
 75.35
145.07
222.78
-64.95
-90.77
-108.68
 78.92
252.25
-34.94
 25.69
 98.96
176.77
 21.92
 48.88
 21.86
156.07
-31.81
 72.97
 74.36
-26.88
123.06
151.96
196.78
-124.35
 44.09
102.26
  1.44
189.72
 42.42
100.81
 29.34
 88.71
 63.28
-71.76
 58.26
 85.30
-10.11
 39.37
 -2.45
 35.87
 90.44
178.29
155.65
-95.98
177.42
-125.95
168.82
322.25
 72.20
-13.96
-31.91
275.06
226.46
322.61
 77.67
 21.91
 69.73
133.91
-66.65
128.25
108.40
 74.01
164.45
223.03
 71.30
 46.45
209.85
 75.77
168.05
122.12
 33.23
106.24
119.56
149.32
 13.04
 49.58
167.30
276.70
 38.72
 79.25
 51.96
-57.84
193.87
144.25
-78.58
110.24
 46.08
-104.93
267.76
289.27
161.67
 27.49
156.92
170.98
206.59
173.69
 53.52
-200.45
-18.98
 74.74
204.53
131.10
185.63
233.70
 60.39
 70.44
 25.56
176.65
131.72
105.49
-41.32
 65.12
343.70
154.70
159.46
 61.83
193.29
-22.93
240.02
-16.95
212.59
171.29
156.47
198.87
-33.42
 71.19
 15.68
167.90
157.62
-12.72
  9.02
169.57
 72.41
119.30
-21.99
  7.16
208.53
 65.82
-52.92
177.40
-42.02
-102.44
-11.28
 37.40
-46.69
205.11
247.54
 14.43
 97.26
-190.06
120.43
 20.75
 55.07
 99.56
202.15
162.43
 83.60
 90.66
219.11
180.77
158.80
159.03
 69.46
207.11
 33.67
170.97
-93.03
133.71
 45.15
 33.39
-17.57
220.00
 13.69
-72.95
 -1.41
-62.72
  8.01
 35.44
 91.89
 70.18
 85.52
 63.63
  2.33
163.57
210.70
 28.45
212.36
134.65
226.87
175.76
124.92
128.88
 87.68
 77.98
 86.12
112.68
 76.01
122.20
 57.96
 48.46
-171.49
  4.94
181.43
-39.05
279.19
 56.37
146.39
145.49
200.18
240.03
 94.63
156.30
 42.04
-57.74
-47.62
 45.90
143.87
233.92
213.86
 23.07
-69.44
 86.48
 38.69
143.26
270.58
114.28
-83.26
 37.87
123.08
 44.59
 30.21
 68.23
276.07
185.15
 16.25
 -3.91
132.71
147.85
 31.48
-32.03
 45.35
  9.08
  1.97
248.58
 49.43
 32.07
136.38
130.31
-46.03
-20.45
173.26
102.06
260.99
 39.13
214.58
 82.27
133.46
162.32
 21.43
-44.63
192.89
219.24
193.12
-37.38
 33.15
-95.91
244.52
 39.56
-70.40
-34.26
178.07
 46.94
-73.62
 41.33
121.55
174.81
 -4.90
 97.91
 59.68
  5.22
  3.11
 97.01
198.83
 88.04
 48.09
230.74
 44.35
157.98
 74.35
-59.51
149.17
-24.13
 22.22
282.46
 47.79
 70.99
120.79
 18.31
318.57
100.66
 94.31
191.30
 98.81
134.92
153.92
-57.37
135.81
109.08
176.59
116.99
 93.74
175.27
136.66
279.99
149.96
 62.63
-67.60
143.32
 72.15
247.98
 48.50
235.70
149.37
 68.16
382.85
232.41
204.16
120.86
221.63
137.47
 57.63
125.15
116.85
101.75
154.08
131.19
 75.59
117.93
 -8.74
218.98
 32.05
119.18
149.65
 36.69
-29.83
164.38
 98.01
249.88
168.43
147.82
 36.50
205.89
197.93
 65.29
 70.32
 41.57
 30.68
 18.36
 51.84
276.16
296.88
-36.17
 75.07
-29.96
178.07
271.67
166.46
 40.30
158.06
214.83
 84.20
 42.63
254.99
108.29
 65.62
-34.37
  8.35
-23.37
 71.00
275.74
141.91
 49.64
-27.62
241.20
 95.60
233.88
-18.78
179.37
162.98
 21.43
192.48
126.52
232.63
 44.89
219.84
211.10
 40.07
 24.26
 29.79
137.95
138.86
 77.29
121.15
110.92
178.12
-88.58
 23.67
 69.12
-63.03
 82.49
123.86
186.51
 -1.70
154.96
132.00
 13.84
121.58
 54.92
155.87
-87.76
103.67
224.49
 96.09
239.46
 88.70
155.97
200.66
320.92
170.03
 75.99
 19.86
-135.24
151.00
 15.45
119.32
103.56
 -0.68
185.50
 34.70
117.40
109.37
180.81
 52.12
135.05
-69.54
105.43
-37.40
210.90
240.15
119.43
  8.53
240.78
126.13
176.53
-39.59
-32.88
113.18
307.40
232.42
100.84
156.62
255.56
 80.70
118.66
208.14
104.55
298.61
110.39
134.12
 30.54
121.15
-18.91
 -2.64
-24.92
194.71
 19.00
-36.03
224.49
 61.41
232.96
 76.43
 91.55
-170.44
108.10
-22.26
101.42
 98.13
211.52
155.24
114.67
261.66
100.85
179.12
188.53
310.87
150.70
 95.07
131.05
183.84
224.46
159.39
133.09
132.00
130.57
113.53
147.04
136.49
-121.49
 53.95
112.06
-37.73
 76.48
 50.10
 89.21
156.35
-32.95
  8.22
 68.48
276.22
171.87
141.28
 61.00
 72.13
  8.35
293.44
160.20
405.99
 72.45
114.36
 32.23
 13.65
 94.69
 31.02
 24.85
-19.17
-80.22
121.63
131.74
-146.32
 94.05
 16.65
161.20
248.27
 17.84
-77.65
135.17
-156.63
 23.58
 73.20
140.11
250.30
112.40
 95.52
214.48
187.02
188.02
 55.16
110.97
148.24
122.15
109.67
-116.04
140.89
100.65
 -6.77
178.34
 -6.32
222.02
 73.24
225.87
221.81
236.02
260.21
 93.93
-10.80
212.93
-31.75
  1.62
162.52
130.71
201.29
104.96
-40.24
223.49
 29.92
 98.67
183.04
 94.65
 -9.19
126.06
 76.78
217.55
103.12
 38.08
 84.97
157.20
125.37
260.20
 28.47
 81.40
190.71
-33.02
-133.90
 47.50
 40.94
122.68
197.54
214.18
 52.91
152.77
-44.56
 17.69
 12.22
227.26
185.49
 60.94
218.04
 23.55
 45.86
111.21
197.19
102.19
236.37
152.28
 42.28
-98.31
184.84
-91.27
 72.91
258.45
 52.69
106.36
-21.56
133.15
-49.97
302.47
105.39
 -1.70
114.12
 71.19
140.15
 86.01
156.73
213.56
208.75
266.64
 49.07
116.62
253.90
117.08
157.90
 83.21
 13.73
 42.55
-77.91
 68.09
117.69
 72.28
 70.22
 58.15
 17.42
137.34
-55.22
-116.58
101.19
262.40
153.53
112.99
114.02
161.29
221.35
 54.93
127.70
188.70
269.90
 -3.32
 96.81
125.52
 68.06
 -2.25
 86.52
  9.27
232.28
108.43
176.86
-124.91
 37.74
257.43
 93.21
 51.18
 16.29
117.24
 13.03
 51.38
260.14
-55.27
165.28
 12.75
140.01
156.80
 62.87
126.15
 31.93
130.16
142.96
 10.27
-56.19
-17.12
193.90
152.59
 42.46
117.79
253.11
 33.62
 74.71
213.66
 81.33
 64.49
 51.66
 50.17
233.17
311.92
447.55
 42.17
151.93
 10.28
110.44
124.54
 51.68
-97.46
-48.25
 76.20
252.49
241.25
 54.75
 10.76
219.24
 53.49
 -8.73
 37.69
-32.73
158.56
161.65
147.99
-47.24
 76.65
102.19
 -2.14
 77.08
 74.35
100.07
195.40
-16.96
131.35
 26.08
220.75
 73.31
-76.59
 29.97
 41.42
108.05
  7.57
122.76
-81.75
175.16
 63.45
 95.08
  3.30
 19.42
 51.24
-204.14
 80.74
 65.48
 91.68
144.44
140.04
-30.74
 44.22
114.04
106.17
 25.47
374.27
 10.27
 93.51
  9.84
166.69
199.12
281.99
103.42
259.07
-87.06
181.06
 83.10
 10.77
 41.02
 67.64
170.91
 22.31
 85.15
257.21
 35.36
297.56
 76.65
-86.99
-98.75
114.63
155.49
 65.42
 77.33
119.14
 28.29
-87.33
171.41
 39.74
-65.32
101.65
153.74
 48.22
146.23
 37.98
123.17
160.87
183.68
 -2.03
 99.46
106.24
-65.35
103.55
 89.14
228.12
125.61
184.35
  9.06
-232.40
 76.01
-48.51
149.49
-95.34
228.00
140.22
189.56
 -9.86
307.44
196.51
-26.90
 14.54
168.02
165.83
-49.60
210.27
 48.23
 19.35
 39.14
 56.73
 46.43
184.08
 82.06
154.73
 84.94
 57.30
 19.09
149.53
 56.94
 -2.87
-31.88
163.81
168.76
173.50
100.02
 77.56
 28.71
381.05
-19.83
179.54
183.56
 84.38
 10.33
151.51
 31.72
184.47
 69.56
-23.85
 88.59
  3.47
-61.15
 34.59
 50.74
 30.41
 70.51
120.57
253.11
108.00
130.11
269.82
178.46
 40.91
 38.13
-90.07
255.94
-78.10
325.32
  5.26
-113.10
107.43
 -1.99
 16.22
104.50
116.13
 40.90
260.80
 84.99
 -1.98
162.79
-15.32
126.75
135.43
 -9.57
192.98
 83.67
 37.80
 87.07
 12.77
211.92
219.26
150.53
241.91
 42.16
 48.21
 36.41
 92.72
 60.87
 -1.09
 48.41
 80.88
103.10
121.13
 59.07
 74.27
186.91
 49.28
-137.64
 39.21
204.15
 14.41
189.26
205.78
124.13
211.29
-160.29
132.56
 37.74
 63.74
 20.81
107.84
 66.20
 56.47
139.97
-39.85
 87.86
 29.21
183.85
 90.96
240.75
 90.66
256.11
343.75
115.28
 97.15
 70.45
 66.25
 54.52
 84.99
 28.74
  3.47
 61.20
228.41
129.71
 22.74
 80.10
 27.55
 90.45
149.29
191.57
153.25
 -7.62
172.78
-36.52
359.25
171.90
 42.41
 35.94
145.16
 87.04
-21.89
152.88
333.34
211.36
240.56
 44.46
106.71
 81.76
299.78
-40.11
  3.35
129.32
108.02
143.20
 96.17
273.50
-32.01
238.46
  3.93
 36.06
 91.34
160.43
125.65
238.37
 51.76
 79.35
 27.98
142.71
 -5.83
 83.37
176.13
 39.35
 94.75
-76.62
144.50
-51.91
222.24
140.05
186.87
 87.05
 65.41
-130.21
-42.12
155.80
 43.15
-85.85
 60.46
175.47
-23.87
 46.34
118.65
 19.68
-182.77
 51.24
 -3.24
131.02
301.10
170.01
208.32
 81.54
247.27
-86.99
135.33
-23.08
140.78
247.70
-10.66
217.55
 78.27
103.57
136.95
 72.12
176.18
148.22
 21.11
213.00
 45.47
 15.21
209.07
 22.40
 37.67
258.57
 98.32
130.89
125.96
236.16
 58.57
 13.09
 -6.26
 77.58
240.35
272.57
 60.64
 50.47
-45.23
 12.79
101.20
286.55
100.90
 26.35
-38.56
203.99
213.14
182.03
 97.80
290.75
 77.18
171.82
-23.24
  3.90
162.57
 61.02
210.05
 99.05
 -2.66
371.94
112.31
115.72
 62.59
 67.88
-18.05
150.67
121.91
252.80
218.35
198.89
-97.26
-24.55
 27.18
 56.11
133.18
  2.65
  7.92
148.49
274.47
216.99
266.09
140.35
147.15
 68.25
140.09
 84.68
157.03
 47.69
175.86
-61.16
313.59
103.40
 13.37
109.47
183.49
168.19
-34.76
197.83
 13.93
205.46
 37.45
138.34
-20.67
178.11
 22.12
-140.72
 73.84
152.45
 56.23
217.92
158.98
 50.02
168.38
116.75
 69.29
198.24
274.01
133.43
119.72
130.44
218.04
 79.22
186.42
236.20
164.58
230.12
 98.48
 25.92
123.45
 97.01
-130.80
104.69
-45.43
 71.86
134.94
138.67
 85.57
-58.06
-166.81
 47.14
 69.47
-35.74
 93.67
172.67
 34.08
  8.42
276.12
297.38
210.56
144.37
-97.36
-108.42
137.77
-38.34
299.67
253.45
 43.35
123.76
203.14
-74.23
 92.86
185.64
 40.92
285.05
-33.99
-44.68
 84.51
139.65
 27.75
 36.30
 18.89
 15.65
 43.08
147.08
182.20
-21.73
246.20
234.32
167.27
179.04
 -8.60
187.31
 20.45
255.35
221.13
 31.52
103.56
195.99
-131.02
155.50
197.37
257.59
142.56
101.82
 57.48
112.18
  6.80
195.84
-51.30
138.61
184.36
105.52
106.22
 71.10
130.80
 29.25
124.25
199.86
337.79
  4.84
204.02
167.13
139.90
 36.64
181.71
102.63
 88.74
152.07
251.15
110.43
162.74
185.49
244.82
 54.31
 42.59
162.06
 92.42
 64.11
 76.54
 63.58
105.75
 76.90
362.76
119.71
 67.85
198.68
196.10
351.50
-63.82
 51.26
108.64
 85.66
 38.69
269.85
161.82
157.75
160.42
  3.56
181.61
214.53
 58.93
 10.47
-81.70
169.10
263.66
 53.03
 11.08
 76.18
 39.48
132.14
116.58
 76.51
 76.28
 67.80
116.77
 90.46
116.75
164.08
120.55
198.44
 31.95
 15.35
 86.50
 -5.07
102.82
 38.77
-70.17
 44.12
130.34
 88.68
218.90
126.73
117.09
 54.70
148.81
 23.18
-19.40
174.79
148.44
179.52
  8.08
 71.94
  9.76
-72.62
132.26
235.64
140.67
 38.65
163.66
100.07
191.13
227.65
118.97
216.33
 44.84
106.50
 -6.78
 85.31
208.06
 90.47
156.21
 22.74
145.75
 27.21
177.59
-20.66
-116.10
238.14
219.49
215.97
122.58
 92.57
 68.90
 30.45
180.35
365.64
-72.90
-28.17
205.35
 99.28
112.52
 65.49
125.18
134.33
-24.77
-17.81
144.31
 69.57
-114.37
110.49
122.62
218.33
278.50
104.98
229.42
115.78
 60.25
-44.49
 51.09
251.11
275.83
-28.27
 75.34
 76.52
 59.71
 15.49
114.41
117.38
135.67
105.38
283.34
-41.74
116.79
 -1.44
 30.19
162.08
295.42
-83.17
103.82
 67.40
 88.55
137.94
129.11
 68.33
-17.23
148.64
234.66
175.07
196.87
138.62
 42.74
141.40
173.45
189.61
138.83
 84.57
160.40
 95.62
244.02
 32.10
133.49
213.60
116.14
219.27
-17.10
-45.13
145.01
263.18
 75.30
142.65
148.32
-70.16
149.87
 24.35
 69.66
218.10
-70.05
192.49
258.27
 52.59
 98.10
 43.37
 61.16
-13.00
-181.31
226.61
 41.62
 10.51
-43.13
104.60
215.11
  0.75
  7.74
-18.55
275.86
141.17
 80.57
148.92
277.19
111.70
141.01
175.00
328.92
 49.74
113.59
 -3.73
176.75
163.31
-45.18
 15.67
 13.47
 54.01
180.66
  4.42
 15.10
 97.50
172.35
-40.40
126.99
 80.38
 63.15
133.40
-113.23
 73.76
256.44
211.21
115.23
-40.35
 -1.53
 60.98
 33.62
205.09
105.56
246.00
-49.76
185.35
102.11
212.85
 19.03
167.63
161.41
 57.90
144.32
138.88
 60.37
148.29
180.82
 86.68
-31.28
 31.73
-96.74
 80.96
135.47
124.36
 51.69
123.49
154.43
 57.39
102.34
141.02
-66.72
 92.91
261.77
289.59
105.09
132.14
216.88
 44.46
 17.90
228.88
 68.27
120.89
126.63
 85.08
171.93
 98.77
 35.71
246.29
240.05
 46.06
 25.46
112.02
 -7.99
 59.18
195.57
246.20
 86.22
-42.77
-46.23
252.24
112.16
234.33
 87.19
-94.53
188.55
162.20
175.16
-91.42
  1.69
-87.73
123.94
202.40
156.29
 89.76
 77.62
 34.95
-31.53
159.95
200.51
115.41
-82.32
 92.98
 93.67
-12.99
216.29
363.57
110.96
-47.08
  1.36
-11.12
-15.40
 28.84
123.87
 18.58
178.60
 71.58
 31.18
173.73
103.96
 41.72
128.05
159.12
 74.57
146.58
 17.75
166.10
183.34
105.66
171.68
206.32
190.49
105.13
 85.43
129.81
 28.98
174.82
264.93
 64.41
110.77
222.38
183.95
 92.22
 39.19
218.07
127.06
 51.09
 26.33
255.91
 50.63
-65.36
-35.99
392.27
212.68
-68.61
 42.25
 37.02
-56.50
 40.83
 71.85
 44.67
 33.96
241.13
-59.01
-25.36
198.34
 56.91
-55.88
299.38
125.82
132.38
-64.87
132.40
  9.28
 -4.16
 29.91
 53.58
 44.39
 -9.13
113.99
149.64
128.93
-90.17
127.43
-33.91
164.49
 59.75
 67.25
-94.22
 82.10
-43.06
-100.94
  5.41
100.33
286.70
159.87
186.49
110.47
169.51
 99.45
260.87
112.81
181.01
 31.70
 36.84
140.30
138.16
-33.77
-136.51
 36.20
144.29
155.27
 91.77
 78.80
 64.55
237.81
 12.95
157.19
 50.46
 29.06
 12.65
-10.83
 61.05
196.25
161.52
220.59
-47.97
100.05
 -4.42
 43.95
 68.61
180.00
151.45
 51.12
185.23
195.99
141.08
107.27
355.75
123.34
-90.81
  3.86
212.62
 83.48
 -0.73
 77.93
125.65
  2.78
170.16
165.41
 79.57
 11.16
226.87
 82.20
306.44
 10.95
215.27
 84.92
110.03
 78.09
282.21
298.73
-107.63
-19.78
105.59
-125.65
 94.34
197.95
-81.11
 14.00
 63.39
-52.36
 72.88
 -5.35
 -7.73
 35.61
-119.71
 50.93
 45.26
 24.08
149.30
 56.49
-21.15
 85.07
 61.60
-32.37
133.84
 28.49
254.02
 92.06
  2.40
108.49
237.90
350.30
161.86
197.24
 51.71
137.96
168.40
175.48
-122.17
182.37
142.40
186.49
-20.39
 47.15
 -9.89
 51.31
  3.49
 20.46
-17.52
147.22
 87.68
191.16
179.64
230.73
 97.15
150.75
196.78
157.92
138.36
291.69
 91.77
 86.82
159.54
153.16
 28.31
153.33
 98.26
 61.31
 86.03
-58.78
142.57
-79.20
 40.75
169.33
-107.16
 99.07
161.38
 69.41
 11.13
-182.61
 81.74
 80.81
119.16
313.85
-76.31
-64.30
186.77
321.65
-71.21
208.50
205.66
125.70
 87.73
 85.44
222.65
249.58
162.86
 -2.70
138.81
131.97
113.88
209.26
265.55
-36.63
109.73
-41.70
 11.96
202.32
 -8.68
110.02
-23.26
 27.53
 58.87
134.86
177.79
124.65
 -0.92
226.74
-10.22
 84.95
193.75
232.17
 12.43
237.30
248.10
 71.63
-38.05
100.55
332.18
-32.34
111.20
112.73
 49.10
340.00
 70.48
 36.77
191.14
  5.99
140.09
177.70
206.97
-15.70
 79.03
181.71
178.75
308.54
157.84
175.13
131.56
120.72
  8.64
256.93
120.91
122.85
187.91
 59.70
 62.35
111.36
 81.67
279.36
 80.04
 69.48
147.02
204.93
167.93
-43.04
 88.83
-46.36
-53.46
 72.81
 63.60
505.15
244.45
 29.26
 76.50
135.32
175.68
107.07
313.77
-76.76
-24.46
 32.69
103.53
-24.17
 20.37
263.06
127.16
 52.05
114.37
168.55
199.13
125.57
110.19
296.05
221.17
190.24
163.92
 47.59
 86.44
 19.65
264.01
121.55
 75.92
  0.66
-56.39
114.70
155.68
-53.91
-32.03
  5.96
121.20
198.90
  3.96
-29.56
229.08
 42.56
-10.75
174.68
-35.18
134.47
-74.99
108.57
 22.96
 54.67
100.97
 31.38
 10.53
161.13
227.82
106.71
193.28
 12.64
-33.42
-38.36
131.24
223.10
 65.88
 60.62
294.70
169.29
 96.61
179.09
 89.57
 15.66
 26.92
131.39
 38.72
194.07
 20.07
 96.03
 85.37
152.82
132.78
 13.62
 67.09
103.73
174.20
 48.45
118.56
 25.16
105.59
-61.22
199.38
275.08
100.58
 75.74
-125.73
-47.91
106.06
112.86
 54.77
133.92
-42.18
192.82
 67.39
156.65
 77.74
151.78
123.90
219.28
-32.62
-42.51
 93.19
171.90
175.52
-38.86
 32.13
 39.26
-23.02
332.03
 62.77
212.25
123.86
-29.31
  9.67
 42.97
 55.07
132.63
156.98
-70.94
184.64
-21.06
  9.32
158.98
-54.89
266.99
181.35
  4.16
-63.42
 66.42
 12.54
183.52
 75.87
231.29
105.12
-43.40
406.65
 35.88
 11.70
157.77
 85.40
  2.96
 88.67
 98.01
216.04
212.87
230.91
-99.50
261.70
167.25
225.11
146.77
277.75
-92.21
120.00
 78.58
253.54
176.10
-122.77
 76.42
 94.08
 14.51
 60.55
189.99
 23.80
133.37
 66.92
230.23
151.16
  3.13
114.23
258.41
101.03
 -4.24
176.08
221.06
195.23
 16.33
  1.82
-75.30
-109.64
119.07
-65.09
 15.91
 49.25
221.89
-28.91
172.92
301.45
-117.02
-26.18
123.30
 75.35
131.50
-49.29
 73.04
-80.32
188.73
248.70
-54.85
-68.55
137.02
 96.41
 30.41
156.96
-20.79
170.94
 46.34
-12.63
 27.05
307.35
100.20
 29.86
232.25
 96.62
 40.58
 24.94
165.44
-10.36
182.95
161.40
110.09
187.87
197.26
 73.93
 47.47
 20.99
 99.39
 54.57
 50.35
112.87
234.77
106.49
-103.44
233.13
226.81
339.87
 -5.27
183.59
426.84
-20.79
102.27
239.40
 47.04
124.12
 41.32
171.89
 90.58
188.21
252.38
170.23
114.74
130.82
 58.73
 35.93
-23.61
219.71
158.83
-27.94
 88.89
 49.13
222.29
216.23
162.44
 52.86
161.93
112.30
142.40
132.21
274.64
108.40
172.87
 25.70
140.16
-13.74
192.22
-61.59
124.83
190.57
200.97
107.30
205.99
-39.93
187.54
  8.71
124.05
303.80
 43.16
 86.99
 79.84
278.13
 87.31
303.27
 63.28
114.74
144.39
124.57
-83.00
164.21
 66.80
 17.87
221.14
-20.30
249.27
130.75
138.77
256.17
222.80
294.71
200.17
134.20
152.09
 29.80
117.65
151.94
222.63
-75.58
 48.35
130.79
 26.94
108.31
108.83
-71.59
153.60
 29.04
-112.65
 18.20
151.30
240.50
 80.20
308.99
156.63
175.98
147.27
144.85
 83.43
-63.09
  4.77
-50.74
100.77
 20.38
 45.97
187.23
204.77
262.86
 71.42
152.73
 25.71
226.03
-88.22
 12.10
110.79
 84.84
157.77
 -9.49
185.50
  9.17
122.71
105.59
276.75
161.99
177.23
133.23
-10.98
178.41
  1.12
 43.20
-161.71
145.60
 62.15
198.82
-14.98
 74.00
 73.87
144.40
 84.84
 10.86
136.15
146.66
187.13
 76.63
 16.36
106.46
117.63
 70.81
 64.69
-48.00
119.18
 36.52
121.62
198.25
128.67
 59.13
202.25
 88.53
 93.79
272.85
 42.64
 -4.11
164.13
-202.64
125.84
  8.57
173.99
 51.10
 95.64
 19.14
 39.43
177.61
212.03
 32.01
125.75
297.68
-50.93
-36.11
 66.74
-81.15
 13.65
 56.12
148.23
160.29
 55.02
 92.25
 53.41
111.50
-27.76
144.96
 59.83
 22.98
134.96
103.37
138.07
 29.59
 94.36
 40.90
 95.07
107.72
172.08
108.82
-67.79
 73.94
-27.74
 96.73
127.75
-21.00
155.38
117.95
-22.55
 66.82
 66.69
-22.71
 78.31
 87.62
 24.47
-41.40
-111.54
122.92
130.98
 36.41
 21.51
 68.28
116.20
257.00
108.25
 72.43
 44.90
-152.93
 95.89
 55.22
-24.83
110.17
 77.99
116.21
 58.94
  2.11
101.23
188.08
 13.61
164.01
-67.49
164.01
 84.70
-10.27
 58.75
107.54
-55.54
219.56
209.03
 25.31
176.54
-60.73
245.86
 25.96
-42.91
 75.47
102.17
 -3.00
 88.79
 78.52
295.43
 85.94
 82.89
129.40
-65.68
284.61
140.43
  9.78
230.57
206.23
-14.25
-87.58
-77.43
 60.42
 96.67
159.37
251.56
134.13
-66.15
 63.45
390.29
-142.64
-40.19
 64.75
 59.02
281.48
198.04
152.06
-55.44
 19.66
129.30
-33.74
111.89
 88.81
 48.32
 -7.81
123.86
159.85
149.21
128.37
-58.44
111.63
127.22
110.98
201.18
263.96
-16.36
 44.59
  0.23
155.67
173.43
158.30
-61.50
122.31
  6.43
185.23
 18.90
-37.59
176.32
 13.97
180.49
190.77
143.30
185.37
158.65
-70.38
153.74
 30.09
 89.68
345.62
162.00
 64.19
-35.39
 97.55
 94.90
232.83
185.23
172.57
 95.80
170.67
 73.07
166.25
-29.33
-114.05
 46.94
 77.18
 36.83
 70.70
186.98
-258.30
123.12
199.84
273.32
168.71
143.75
-101.94
-26.54
103.47
123.09
204.25
-109.61
158.81
192.95
128.93
106.11
152.57
225.43
312.36
212.49
169.85
223.64
126.02
148.21
 12.22
162.98
-17.95
114.95
-44.49
  6.72
 10.25
114.01
126.70
176.04
187.14
-29.79
  6.22
-53.58
-26.87
 88.05
 16.09
 88.17
137.26
-12.19
-95.52
 85.38
164.86
235.38
 56.88
 23.29
 14.05
 46.83
129.55
150.98
 52.51
201.83
-130.60
226.83
307.35
 18.22
141.76
-97.41
129.40
-37.69
 75.20
 97.62
297.42
 96.55
 33.91
-22.94
 19.90
-229.47
119.21
 91.11
122.15
122.52
 43.75
 15.55
 79.68
-78.90
-24.94
 69.79
 32.90
126.00
208.42
132.52
 25.00
-13.98
 47.37
140.28
 51.09
130.74
 21.23
  5.22
212.45
 76.00
273.58
 69.51
345.43
 87.72
-22.07
 91.81
137.58
165.14
320.29
 51.51
 74.65
308.70
131.54
 56.23
 49.72
 75.30
210.78
117.40
 64.35
130.46
 -4.62
250.92
 20.05
200.94
  8.41
274.47
302.04
 53.62
 72.95
-93.31
-52.25
186.17
 71.55
142.18
-36.89
176.33
-13.56
251.20
 98.61
 83.08
150.13
 78.44
 77.98
 98.26
255.07
 59.67
-48.28
 35.74
101.38
124.06
 75.93
 62.41
  6.46
 87.05
-17.40
114.37
 85.95
186.30
 10.40
 13.98
-52.39
107.74
132.35
 49.14
 56.80
234.96
174.44
-35.86
355.55
 72.05
 62.06
383.98
194.60
 43.09
  9.00
 -8.71
-16.15
138.09
346.36
 75.80
140.48
245.92
246.51
 44.40
-38.27
 85.36
165.01
219.74
 29.98
211.57
101.06
-17.31
200.40
 53.13
-18.01
-176.02
236.80
 84.47
143.88
 55.66
 85.30
306.96
173.78
 23.35
123.52
191.30
136.03
124.14
 10.08
107.26
 92.44
107.24
128.43
205.65
-119.04
 61.08
211.14
219.05
 13.09
200.01
-13.09
 -5.80
156.12
 46.16
367.61
108.10
215.34
-26.65
112.42
221.09
109.67
 32.55
111.77
201.14
185.05
-12.32
122.50
146.81
-49.98
 92.16
123.00
270.50
100.63
  8.15
 -7.04
 25.81
-11.07
131.57
-131.65
 85.78
232.94
154.39
158.96
104.11
197.64
 20.43
209.76
122.36
263.87
151.71
 20.24
 33.48
 27.12
-36.67
101.22
197.12
 64.24
233.70
241.94
 72.17
122.04
105.69
101.42
-24.92
 65.66
 12.47
118.21
112.67
 37.46
-74.24
168.41
 97.23
 19.84
267.29
-46.51
 94.97
 16.56
201.37
188.96
 64.05
113.02
376.43
 97.39
 -4.88
 71.48
115.75
294.14
 68.33
312.80
  9.84
222.80
 27.89
192.09
-105.07
 64.54
-18.64
 93.08
 92.98
 70.59
308.70
 94.84
144.95
 73.50
 93.56
-75.40
 69.81
 28.29
-27.46
109.96
 76.59
214.65
409.87
 63.83
199.42
107.70
-12.75
-10.52
104.62
134.82
318.28
 88.59
  1.53
104.24
 67.73
-28.15
 57.77
 59.39
134.31
 57.29
 70.11
203.21
278.91
-19.96
-79.66
100.37
 76.51
172.40
129.67
173.05
160.82
 47.08
403.97
 68.68
-34.98
292.42
102.82
321.59
178.14
 96.97
163.26
 80.43
-27.91
238.29
194.43
 95.88
 97.42
311.31
  4.17
183.75
108.01
 28.32
216.89
 38.64
128.71
124.79
115.36
-45.15
 22.98
105.37
151.77
152.06
 99.23
129.86
 14.58
194.52
132.28
295.74
 42.66
114.96
332.50
128.45
-110.38
188.48
232.42
 -9.97
113.31
 42.32
193.57
108.48
260.50
  3.34
 43.81
-218.51
291.15
193.99
-37.41
 87.14
 29.01
  6.80
107.76
145.84
-20.78
103.80
-38.27
112.97
174.08
110.81
170.69
291.67
 39.41
 48.02
147.61
138.93
407.62
 10.31
171.73
176.54
112.65
154.28
-86.33
124.54
-69.18
252.12
 90.29
267.31
 80.26
197.93
179.85
 47.32
169.60
 10.70
152.55
  8.95
298.94
187.40
 99.08
147.36
280.03
-57.27
143.81
 59.73
103.70
281.92
243.14
117.24
-92.59
212.29
 42.34
195.37
-22.69
222.41
217.62
233.45
119.72
-18.11
141.48
 33.43
226.83
 99.18
229.01
 18.44
166.70
146.21
101.53
136.84
 36.71
  1.51
-73.65
109.54
181.67
 78.07
136.26
 88.00
156.03
240.15
-76.93
170.89
-42.43
131.92
 36.48
 78.81
190.73
159.86
 40.67
-208.90
367.97
 -5.79
130.34
143.79
131.04
187.36
133.70
 -4.48
118.55
 99.22
173.13
275.64
287.79
-32.73
154.59
 45.49
-63.92
310.11
146.53
 54.06
 60.95
216.76
131.42
-21.84
-45.83
228.41
 94.03
156.56
 64.56
127.30
149.00
110.98
202.10
226.38
252.40
137.13
-33.74
307.38
267.15
-79.29
 79.89
 78.33
101.22
183.44
 -5.77
 33.80
285.87
 23.10
 75.06
207.45
 -1.09
118.42
 56.76
 85.53
163.43
 72.91
102.16
187.06
162.08
160.68
 80.50
147.56
303.09
225.02
177.46
130.15
-21.66
111.99
 81.93
 70.03
116.38
111.24
 30.30
153.59
100.62
 -4.51
127.78
130.29
108.45
209.47
  3.44
174.18
 19.37
 -3.18
309.18
 21.26
 61.62
 28.77
 -4.84
271.32
250.78
 51.02
157.86
206.64
 80.59
167.29
 13.49
171.21
405.62
  2.41
232.46
256.29
121.41
164.39
124.32
214.04
 27.45
 -0.70
100.13
 73.75
125.19
 78.98
 39.12
357.34
 66.07
255.77
188.05
118.66
 98.43
 89.70
 -7.71
-114.95
247.85
177.57
215.69
 68.55
-59.13
 95.24
260.79
 49.60
108.70
241.57
220.16
 -9.75
143.75
 66.79
 89.78
105.85
 33.59
173.84
 88.02
 18.06
 18.66
143.55
 -6.04
-69.82
-18.91
 70.76
166.48
 62.96
 -8.38
166.27
167.67
142.11
-37.58
223.64
 16.02
 46.94
169.84
-18.21
133.34
171.23
-40.81
146.50
 13.36
 74.57
 39.37
 78.67
168.25
253.13
110.16
133.62
137.13
 66.20
 89.75
-29.73
 50.85
157.95
 97.62
160.71
 81.49
243.35
236.03
174.46
170.72
144.22
-20.56
186.52
214.77
183.44
266.65
  2.16
158.28
221.98
 -3.76
 38.71
114.78
 77.91
 53.79
162.26
245.07
 -0.63
-73.49
163.90
 -6.83
289.70
148.79
-32.07
172.21
 -8.46
 95.62
 53.80
381.24
184.88
 56.57
106.33
116.14
 12.16
 59.94
256.44
189.29
175.12
 18.00
 33.80
 20.08
 66.51
181.53
 48.28
161.35
198.19
228.70
142.36
205.80
 43.67
244.07
132.50
175.38
137.23
139.07
159.67
226.31
243.75
196.57
161.66
 19.63
  7.98
162.06
134.59
181.19
241.33
123.80
136.29
-84.15
 40.55
 59.43
 77.63
210.07
 27.81
 41.32
215.57
-59.53
-72.91
 94.72
207.76
 67.39
-23.62
195.79
123.15
252.08
-60.45
261.09
272.03
-148.59
 20.50
121.19
101.79
 40.03
-11.41
 78.88
 25.04
111.49
206.18
306.87
225.78
108.93
 95.32
 92.11
  6.89
  6.77
167.08
290.21
122.67
151.56
215.79
 11.09
146.31
 69.54
 68.84
-20.75
 93.94
 75.49
 80.61
 71.84
273.77
113.34
271.52
-97.03
244.13
 53.18
153.85
172.91
 78.84
 84.06
 55.58
146.95
 14.78
 39.11
102.00
 56.29
 41.67
 74.40
 51.22
160.18
-58.00
 86.09
101.60
219.34
 39.38
206.58
-81.27
 69.90
242.12
-20.09
-59.88
 78.46
 52.52
161.71
132.55
205.78
172.47
305.62
 53.18
 60.34
 63.64
118.73
100.43
 26.29
172.11
182.57
 17.81
 79.68
189.12
328.18
 57.18
 30.13
-105.29
194.77
187.86
162.19
117.78
-86.32
 95.08
148.98
160.25
109.14
 78.54
138.96
 63.81
 42.84
 87.77
 -8.31
153.47
 -9.52
 90.42
-36.84
 78.78
121.39
295.87
114.99
-110.24
148.64
156.92
173.03
 42.94
  3.58
219.56
 95.12
166.59
156.01
-33.94
 85.54
-45.82
 89.81
 -7.35
225.10
159.34
 -8.25
133.48
214.48
171.32
-21.76
285.27
 68.09
 90.98
288.59
 74.91
 99.09
 -4.26
112.64
202.91
-36.96
145.38
176.21
129.98
131.29
262.97
 23.93
134.88
-33.25
-29.49
-138.12
 45.87
162.68
 29.03
111.01
 28.09
142.80
 89.81
150.58
100.97
 -8.44
207.21
135.64
 97.71
331.68
-18.57
-61.28
 54.31
122.77
 43.23
167.84
-95.03
142.80
 22.61
 37.22
 61.12
 29.82
 -3.83
 18.94
173.73
235.37
 94.43
-64.01
 13.28
101.72
255.31
196.98
 94.83
-67.61
187.63
-10.91
-71.70
 78.31
308.49
215.55
179.40
244.56
-11.82
 69.75
161.42
 -2.77
130.31
-46.76
 23.59
125.06
 29.53
 70.06
215.65
178.87
250.99
-44.51
147.23
109.49
 43.34
 68.53
  0.00
127.45
200.82
-83.26
 82.66
-35.24
-13.65
-29.82
222.47
225.05
219.20
150.52
-49.00
121.62
239.16
145.84
119.33
136.92
255.72
121.60
-24.63
 92.22
-25.75
227.08
 34.10
 59.46
201.06
 91.30
120.51
144.76
232.18
 16.53
185.19
 -2.86
-27.19
-28.21
140.80
-87.78
 97.24
260.41
 80.38
257.39
266.48
 63.84
136.59
132.99
 86.33
230.11
104.87
 50.68
173.70
173.62
214.21
122.20
158.86
 72.28
 57.42
-25.83
143.85
 82.00
198.68
100.67
 42.62
 86.97
 62.56
 57.77
169.93
-14.14
158.69
300.49
-26.27
139.81
218.17
100.09
227.93
291.65
192.76
179.36
 38.16
122.69
134.07
160.19
157.72
176.29
 61.44
  4.13
-38.14
140.67
 61.26
138.19
-66.53
 91.39
 26.49
 30.99
135.23
267.30
194.28
 37.29
177.08
103.06
 -5.04
165.93
119.79
 42.77
 80.83
284.32
-85.53
144.80
 74.77
107.32
 79.96
184.83
101.67
106.94
 70.53
 75.33
245.20
-28.62
-77.57
-97.68
 24.32
178.15
 70.84
-65.03
153.16
 90.79
186.38
190.45
126.55
172.63
185.84
205.61
219.83
 79.13
122.75
224.95
 80.78
267.46
 31.91
 33.93
 90.24
  7.52
 78.26
 62.54
 -7.68
-73.09
-38.98
 83.92
154.59
232.10
103.38
-86.52
 57.97
125.96
129.01
100.01
-16.84
 87.58
 89.24
-95.79
 85.57
199.08
-54.82
 40.06
220.94
-82.61
139.07
-62.44
273.12
 77.12
-77.52
145.31
 74.14
 39.11
-112.86
 93.02
 46.03
134.97
205.20
146.03
253.60
207.93
 32.50
 80.08
 34.96
 86.24
113.55
 47.66
232.33
-110.09
 92.52
 77.52
150.83
109.97
253.38
143.77
133.65
 78.93
247.12
-100.65
-86.47
129.17
-116.36
117.78
-22.36
-94.46
181.02
 66.75
 52.56
108.98
 82.28
161.02
162.21
203.44
 47.24
101.09
166.10
 99.48
170.42
205.50
 -9.83
104.04
168.95
-19.87
-88.04
103.12
112.49
-48.64
282.27
102.76
 56.05
 45.88
171.66
-93.02
103.99
 47.02
  9.80
 46.51
 69.98
164.21
 41.70
242.60
104.83
101.67
145.74
 45.02
 85.43
 78.04
-52.70
158.35
209.08
 57.76
  1.99
177.52
 27.16
 61.31
 63.09
-34.41
125.54
-151.31
 19.54
180.04
125.66
 70.89
142.76
121.30
207.37
 29.55
-13.23
 78.76
-15.68
 12.60
186.28
177.21
 74.94
  6.27
325.74
 99.98
 32.43
 60.57
212.01
 59.21
120.89
 96.72
 43.00
104.86
136.88
 81.43
 58.62
-19.33
-60.70
267.02
152.34
 99.14
-91.92
 58.65
  5.22
 51.48
 12.32
-78.11
 44.85
-14.12
-12.10
 -7.56
 83.76
 67.98
  5.86
 48.84
142.68
280.62
-146.75
106.91
 52.62
  0.71
137.26
 35.76
 51.18
229.38
-103.38
 52.86
192.41
 90.58
241.82
-134.35
195.46
-77.63
 23.05
122.30
121.35
230.15
275.14
-36.51
-20.77
170.80
-61.80
121.87
 74.40
 93.55
-110.08
 66.74
125.18
168.44
 90.07
136.88
 29.47
176.25
222.87
126.30
175.24
236.60
124.82
164.76
146.53
-38.79
121.34
 50.03
199.84
126.65
118.96
 97.22
 68.27
 19.38
165.17
 57.69
140.98
137.95
 -0.35
260.35
103.47
291.94
 81.06
170.87
260.72
329.80
  4.64
251.57
218.31
104.37
-19.28
163.59
 37.30
 34.48
-66.48
 57.53
107.35
297.17
331.65
184.60
 17.39
120.75
 57.88
-56.51
212.17
346.87
 -1.71
187.66
171.22
192.11
218.02
 12.51
 93.01
280.24
 35.32
405.92
100.82
148.41
170.90
187.22
143.74
 -1.86
249.73
-26.15
197.16
181.30
163.11
 87.30
101.63
 33.65
184.20
-84.61
244.45
 30.54
 69.98
 95.93
127.70
 93.66
-38.54
148.62
314.11
254.81
  1.03
184.29
-174.69
153.19
 93.74
 85.11
131.19
214.17
168.95
-19.50
118.92
264.12
 48.94
-41.67
103.96
197.46
178.27
 37.34
 60.82
 28.10
 59.38
135.64
 16.06
 76.82
 97.02
-46.38
130.52
 71.48
 13.14
190.13
145.91
-110.96
109.02
 -2.83
196.50
-80.86
106.70
275.58
145.53
 85.26
456.47
 44.89
212.99
108.38
209.69
-43.77
175.34
 52.24
268.45
-153.86
 85.75
118.34
-61.31
136.64
 -1.59
102.57
 71.58
154.40
-63.87
240.23
 98.75
 70.55
107.20
-120.90
305.91
 64.97
-67.17
 26.45
160.48
  3.80
291.61
117.18
 61.05
145.75
200.19
 67.78
 39.82
204.15
198.29
 -5.24
183.02
 96.97
-15.17
256.74
140.34
205.22
196.57
 36.62
 68.08
212.43
108.32
 39.43
150.26
 -5.04
 65.32
205.92
231.54
 52.75
269.67
190.12
270.13
-86.59
 -9.43
169.98
-48.25
 24.59
209.06
 78.55
157.10
-85.17
 92.48
 41.69
123.62
122.72
270.43
139.92
142.13
193.39
183.97
 43.83
 86.44
107.72
263.72
 73.54
 61.84
146.87
 -8.31
155.49
101.93
201.86
  9.77
  6.91
219.15
  8.39
-78.64
 78.65
-20.93
 20.60
-33.36
170.91
177.92
 83.91
100.76
 32.05
128.56
-68.21
141.70
211.40
114.67
-33.76
133.65
121.20
159.13
 34.00
174.95
211.81
-90.79
174.51
112.33
205.93
 83.46
118.37
156.95
109.78
  1.60
290.63
-74.16
 61.49
191.93
205.25
252.18
 96.91
-15.63
124.65
149.39
  0.61
195.48
  6.62
111.15
206.78
126.13
275.33
 41.39
 68.96
269.63
 60.44
202.94
200.33
252.56
 94.36
 90.61
103.39
 93.56
141.87
 69.81
 65.37
212.16
  6.06
248.16
 99.64
 59.14
135.10
113.02
129.68
141.82
-33.29
 66.16
227.96
390.48
254.19
-65.32
 20.88
128.94
 34.74
 97.64
-14.53
-90.34
 42.98
137.48
-94.86
114.22
162.99
150.98
205.21
199.23
242.51
129.04
153.80
 86.27
-19.18
 31.47
253.03
  8.08
  2.31
 80.86
 79.44
212.68
106.64
 57.30
 41.51
 53.69
 59.56
105.54
 17.38
 59.12
102.81
167.70
 91.24
171.48
 81.61
143.97
178.78
-36.71
156.53
102.04
 -6.91
226.65
325.17
  3.24
-87.46
 67.20
131.85
108.28
 -7.59
 58.51
-19.43
284.76
 58.65
 96.31
 97.81
 93.29
148.92
 82.99
-58.33
263.59
184.86
 -4.07
 -6.17
126.93
  5.85
 73.44
 -9.81
265.13
-115.81
234.59
110.16
 95.65
183.71
164.76
175.07
  2.20
129.19
234.22
 22.91
 44.95
-99.07
 71.05
-110.44
301.82
153.11
100.25
 99.47
 -6.70
264.01
 68.40
142.71
 13.31
122.11
116.18
 87.80
 87.40
155.79
127.45
 67.54
244.90
290.16
-27.97
164.69
 28.23
129.12
-78.12
 48.33
302.22
 81.99
325.45
225.78
-36.27
262.26
 37.13
123.74
102.47
-61.12
176.31
154.22
-15.38
190.78
  7.67
185.63
182.27
224.31
266.55
129.96
 63.29
 87.23
180.30
 10.29
 -8.51
253.11
 86.27
269.21
 78.54
219.02
163.14
142.25
109.11
196.52
120.52
-12.71
 50.94
283.83
-105.63
211.60
174.32
124.52
 41.74
 17.97
 28.84
 97.80
 78.20
 83.26
288.69
-57.88
 98.22
 49.32
 85.08
195.85
 69.42
123.36
250.78
120.10
 11.10
 77.53
 75.01
203.29
247.79
 94.64
 56.61
 22.31
 25.16
 76.77
 53.12
158.04
318.49
-22.06
 -7.70
158.92
248.08
248.43
 61.86
 76.25
173.74
180.36
233.85
 15.26
135.34
-30.64
195.22
 35.57
131.97
-104.07
100.57
202.97
175.60
-88.55
-10.27
391.06
-204.39
 78.78
 82.17
232.16
-57.85
266.06
 71.68
 37.49
 89.90
108.65
-13.83
102.97
 79.48
185.76
 15.85
186.98
 83.37
325.36
226.83
191.39
 66.91
-75.78
 -3.32
276.10
 22.97
 37.15
 95.64
 14.21
161.59
150.27
-89.27
 42.30
 31.25
-165.89
 21.46
232.05
 87.53
 41.14
190.29
106.05
 55.54
 -1.22
 32.56
248.57
250.32
185.75
 40.81
177.75
-88.88
200.95
115.30
182.53
 67.03
120.95
231.74
 40.38
141.18
 54.60
 36.65
 25.75
 82.41
275.04
236.13
119.50
-28.03
185.01
145.77
 75.51
114.46
 91.48
237.35
201.98
105.49
 98.02
 65.97
148.88
156.34
 72.99
173.51
155.93
216.31
  3.97
-110.14
 -5.07
118.80
 61.36
-121.49
200.20
-17.79
-71.67
113.00
280.35
  5.92
 95.03
126.94
161.11
256.40
144.45
  1.39
 97.62
-212.82
 96.87
163.91
 72.22
  3.78
245.14
181.74
 61.69
 75.87
123.57
186.88
 94.40
 73.75
129.49
 94.38
202.05
186.90
 63.15
104.54
 41.29
167.30
106.30
193.22
 40.58
259.67
105.73
 86.80
-71.42
165.88
137.83
124.46
340.59
 62.18
 67.95
-138.94
158.54
159.28
165.19
141.94
 72.85
181.86
119.28
-28.65
126.44
117.71
124.54
-56.39
155.74
 23.64
144.68
181.02
201.05
164.59
100.70
-59.61
102.04
-14.66
191.93
160.96
231.25
172.18
156.85
 83.94
 27.38
195.59
241.74
206.01
 45.29
205.12
172.45
155.32
 70.15
167.78
179.51
-55.34
 -7.74
251.91
165.23
129.63
210.12
 69.85
202.41
 25.52
143.68
 53.29
-41.40
-23.97
-74.50
 85.24
 90.77
125.24
182.81
230.42
148.88
211.10
 78.78
 12.12
 37.87
107.96
 20.04
134.66
 61.17
183.68
301.54
 63.71
141.34
 27.18
-25.03
 37.18
-96.57
 57.80
-77.47
264.62
222.43
181.71
-26.48
 93.20
 81.69
 46.05
111.84
198.46
378.65
 39.43
 96.47
123.08
  0.68
130.43
200.88
-64.05
-93.26
225.78
266.33
 35.65
 51.45
-51.36
-31.08
-19.27
 91.98
253.52
  6.08
 61.88
184.58
  6.55
187.77
-36.61
-40.55
-20.13
239.39
112.22
185.85
 18.78
150.01
185.56
155.35
136.12
 78.46
 -1.61
 71.03
 96.66
 73.88
  5.00
218.89
-144.44
211.57
126.82
  6.93
158.63
 13.68
258.36
115.33
232.01
168.70
216.65
250.37
 28.90
231.53
282.63
110.96
268.62
124.27
-23.11
131.81
130.38
-41.85
139.20
140.42
234.90
 71.32
-40.37
127.46
-19.10
126.85
-22.71
130.41
-49.04
-89.24
 32.88
 60.73
192.51
 39.09
210.64
 11.82
100.00
150.67
-13.98
-45.62
 99.63
267.31
106.39
-15.83
-11.96
172.10
 82.56
292.56
 77.13
 58.93
251.86
-49.00
 95.83
313.88
115.99
-232.69
 82.49
189.96
-48.15
 59.76
100.91
202.78
274.16
111.86
187.29
-39.60
-16.97
221.09
 97.83
 18.18
 16.64
111.57
242.72
125.89
 55.05
  8.96
141.52
158.42
332.29
232.10
-63.95
 18.82
 73.72
234.98
175.42
-58.84
241.07
 43.74
-41.54
 36.82
 50.39
161.73
 97.70
  6.18
-27.36
212.61
 30.85
290.34
371.50
 74.40
-218.83
-50.76
 27.49
105.39
 50.78
-66.06
215.20
 39.83
 -8.99
-129.98
 17.95
127.41
 83.12
 34.67
 15.72
 87.05
  9.12
 22.72
 75.34
 89.05
194.33
227.04
 95.50
142.18
 25.71
 99.48
  4.21
-51.97
113.32
-43.77
325.10
110.90
 72.60
243.79
104.50
-125.70
-16.51
-27.72
 77.37
-21.21
165.17
109.97
232.67
109.01
206.66
133.03
 95.00
-35.19
 24.26
 58.05
 84.18
 36.81
-47.78
 73.09
249.53
 87.56
 97.51
177.13
-28.68
109.50
152.83
-28.01
170.66
100.69
134.89
106.40
-63.85
224.78
 42.87
248.24
 10.72
 79.43
156.85
-80.83
117.51
 43.29
 83.41
256.13
305.62
-19.38
 80.02
 65.16
119.60
 76.45
332.09
156.10
 69.22
246.35
152.62
154.96
156.88
-19.79
219.38
101.59
270.79
 99.73
-27.98
 33.59
-61.72
126.75
 66.45
174.20
162.30
-37.85
 68.86
 -8.78
 17.28
117.43
189.00
-47.63
 12.43
136.42
 50.20
111.19
-48.99
-12.52
121.50
-30.68
 84.44
  6.56
284.32
183.84
 85.82
152.12
 40.08
 64.88
-19.13
 85.05
174.27
289.45
159.54
234.22
 -6.28
182.28
 15.82
287.52
  9.59
 25.04
177.48
222.65
197.83
219.06
119.20
 54.79
-199.44
201.72
 32.31
281.67
182.40
210.35
-37.29
 -5.13
 78.23
 82.00
113.02
125.68
161.57
102.06
160.64
 11.63
135.39
163.96
190.57
124.77
 48.92
176.47
 92.89
119.28
141.22
 54.39
 68.54
-20.37
155.43
-84.08
145.10
-43.22
-40.28
 -6.29
 63.74
123.63
172.39
 41.28
384.52
161.39
187.89
 45.34
 95.86
-15.08
-49.78
 10.25
197.95
126.57
269.45
201.34
311.69
-94.47
241.11
-60.05
 50.39
-41.32
 22.69
  0.74
 88.15
105.49
177.15
  6.77
-12.08
153.92
134.96
123.66
149.28
255.97
191.57
-34.99
117.83
185.67
 75.73
125.53
118.84
108.75
108.92
 80.62
129.64
268.41
124.94
 90.26
221.20
 59.85
367.03
 70.88
-47.02
269.86
244.42
128.81
103.75
 38.79
 36.55
 53.90
-51.34
-28.38
212.63
 92.87
254.00
222.41
159.40
 91.25
-26.81
166.21
108.29
 64.27
 55.57
-101.58
 44.05
131.05
-35.24
-16.68
177.72
108.27
126.01
132.27
138.24
388.22
 22.42
 18.90
134.61
 87.10
166.03
-52.76
114.68
133.17
 67.25
185.80
117.80
128.07
-185.88
274.09
 75.90
140.90
 25.21
247.92
-16.33
188.55
 -6.13
-126.47
-146.20
  4.86
192.38
-69.80
 78.43
104.60
 36.01
110.65
 98.13
126.43
-57.48
213.86
 71.17
116.49
 80.00
 98.81
 35.19
 90.36
194.66
 38.11
-101.46
101.32
 74.46
126.14
109.57
-60.94
169.66
 33.54
195.09
204.50
106.47
-57.57
350.08
265.55
143.37
 60.94
 33.76
 29.37
138.81
202.68
 -6.16
211.28
 12.15
226.99
-46.63
177.82
 16.80
138.74
169.48
102.24
106.53
 73.28
-24.30
155.73
315.32
 27.34
169.61
-200.30
-41.01
193.39
  1.31
113.54
 64.32
-47.41
227.72
-125.77
  7.64
 46.86
 72.26
-26.47
116.46
 97.49
167.20
216.05
103.86
-67.26
126.25
163.68
 12.15
 20.22
 31.36
117.14
136.36
 -5.58
 95.96
-26.26
126.09
-17.87
 77.90
 89.04
250.78
 55.51
157.34
 94.87
126.25
  1.82
 82.37
-19.01
  5.16
400.65
233.77
 92.67
 -4.79
 82.72
-33.90
 36.18
139.71
213.60
109.70
229.62
 92.15
109.69
-24.27
154.33
102.31
 -6.57
 15.79
 -4.09
150.74
 -7.34
 91.61
 74.98
-44.00
256.31
-15.52
 13.90
143.89
  1.78
127.25
 76.34
145.74
 -2.30
-31.66
139.41
134.32
219.69
 13.11
 18.60
129.35
-94.26
-54.36
102.94
168.04
 61.90
108.99
-39.23
193.68
199.41
165.48
  5.73
129.58
 81.31
246.54
-17.10
213.14
 61.01
165.96
 96.56
154.09
200.55
306.77
 93.53
153.63
127.15
-134.18
116.02
236.39
234.92
 90.10
151.83
220.88
-83.60
 20.92
161.73
103.87
 32.86
-124.90
139.30
-11.64
 46.42
134.17
 31.60
-24.75
118.96
244.56
180.06
 11.30
188.09
129.94
198.81
 73.60
 71.05
 58.65
137.41
121.31
142.60
-21.45
161.48
107.81
-19.85
100.27
168.16
 -2.23
170.48
186.76
 72.59
195.70
113.92
 57.90
146.68
261.86
 22.87
 79.36
122.95
160.74
 49.45
186.14
157.41
112.18
-29.60
211.37
226.75
199.55
115.09
104.84
 15.98
 33.07
206.42
133.92
129.45
166.00
138.48
311.50
-70.61
 54.51
106.50
-54.38
182.22
 46.06
166.35
 52.66
 27.47
143.82
 93.69
101.88
141.01
 86.14
140.16
 18.01
138.13
-30.59
 19.25
193.83
171.49
 25.91
104.43
162.10
204.30
426.41
213.21
 -8.43
236.92
 90.70
 44.18
259.39
-41.29
193.18
150.66
248.41
-46.89
 82.88
 62.87
-56.93
100.70
 69.72
272.76
332.46
155.74
107.41
 62.96
245.34
 34.72
156.48
187.64
 43.51
 34.55
301.00
 42.42
118.66
 16.27
 31.44
116.91
143.23
237.11
312.16
162.56
 96.14
 47.46
-79.75
 94.52
 -6.74
167.97
 46.04
 14.84
-39.10
 60.03
105.00
141.50
111.53
 39.42
 60.52
126.61
-46.19
 87.57
 20.89
 24.66
196.09
-70.20
 59.38
-96.07
194.66
-48.29
194.18
 -8.72
 41.58
305.03
100.28
 79.56
171.86
-46.63
286.85
254.50
-142.44
-21.60
235.71
-32.48
158.16
175.52
-126.21
-88.27
 83.07
214.00
-146.05
285.35
 -9.92
-85.20
113.92
130.76
-17.97
136.64
 71.73
 95.32
-75.06
 67.62
189.11
199.93
 99.48
 17.35
135.41
 -7.73
122.81
183.20
116.78
 33.53
 30.90
278.68
164.12
 83.58
-50.51
-38.08
-25.21
 30.36
108.36
164.69
-46.36
 61.63
-32.05
206.53
 -5.44
-102.63
247.72
222.66
257.20
 64.49
234.89
176.47
108.75
 81.45
 99.63
-103.75
223.04
-20.81
-32.87
179.02
 84.90
185.30
 48.06
228.46
278.08
132.87
155.24
411.96
296.96
 18.28
-72.50
148.35
227.93
142.07
 44.71
-12.73
271.61
 -3.85
114.21
254.00
 24.22
-35.76
289.58
134.69
153.38
242.43
148.37
372.66
 35.00
 64.03
118.83
134.55
 80.77
 45.72
122.41
 21.88
170.37
 90.00
217.74
111.82
113.05
112.09
  6.87
 36.19
 85.57
139.47
113.74
 27.53
208.35
204.13
 76.16
215.08
-35.29
 94.73
142.08
-48.85
-229.72
  0.26
 78.69
 43.17
 97.90
 14.46
225.71
-53.08
145.98
115.96
 74.97
-49.45
112.40
 78.57
-36.05
 39.35
211.07
 28.67
115.26
-58.08
245.86
-87.24
137.74
226.94
146.57
 56.94
 24.20
215.81
 30.87
 94.05
125.49
 79.15
247.83
-80.49
225.64
-62.42
 92.79
 21.86
179.16
 42.08
119.64
161.89
105.80
 32.82
-18.51
 12.45
151.86
114.37
288.36
239.22
223.25
 -6.58
 40.82
157.27
213.90
-143.67
103.18
127.08
-20.00
201.94
247.75
118.54
144.89
 90.55
107.31
 36.56
178.32
184.12
  1.04
 27.12
  0.82
255.35
  0.72
 69.60
112.71
  6.26
  4.60
218.89
175.00
206.27
149.95
-51.06
-82.48
246.01
191.56
 86.23
100.60
117.74
 89.15
170.16
153.33
 98.09
205.49
186.59
154.94
-30.33
-25.53
 79.14
155.57
210.97
160.88
 39.14
167.87
114.83
 73.82
295.03
328.70
 99.76
-68.35
232.39
133.66
271.66
-21.76
138.91
223.75
168.42
 76.67
 95.33
186.05
213.39
209.86
 75.52
 83.56
125.98
159.80
129.51
124.79
128.65
175.92
196.43
206.68
310.09
 97.45
100.05
249.77
 51.65
 72.15
111.96
101.35
 68.52
153.24
245.82
 15.81
 57.57
 40.41
137.85
153.94
 21.51
 12.57
 33.55
119.12
 73.41
177.53
123.80
 36.40
253.89
118.49
219.94
100.42
-80.32
 84.35
138.65
246.79
177.55
116.45
329.40
169.02
146.93
158.19
163.68
306.18
101.52
 40.04
 63.61
135.38
271.16
 44.78
 77.62
102.95
 69.65
120.93
146.66
 11.45
108.20
  9.73
-53.93
111.53
281.61
130.13
-34.08
191.76
299.85
149.19
122.63
 75.87
186.09
149.56
214.24
103.21
-29.46
 39.40
100.08
-95.38
 51.44
 14.03
212.76
-28.45
181.18
171.93
 25.06
-45.99
  6.84
187.99
-63.57
186.21
113.48
158.70
 38.04
115.75
186.39
 77.58
255.96
164.12
136.97
 39.37
196.79
106.79
209.72
 48.70
141.34
 69.23
164.18
173.95
179.86
  1.87
-14.54
155.26
114.74
 45.46
-54.50
192.77
 73.70
-60.85
-123.08
129.49
120.89
175.24
 87.61
132.72
 32.48
162.89
102.55
 69.33
284.94
 39.89
107.81
 -8.61
 57.22
-46.54
-27.94
 69.72
191.58
 84.67
253.56
-48.47
 40.43
-14.06
258.97
 42.38
 54.32
 62.00
364.85
159.04
199.21
 73.65
134.63
196.98
 34.65
175.76
276.90
 19.86
-19.62
205.07
125.67
200.42
 29.60
-61.93
  7.52
 59.77
 91.07
-42.18
-168.73
-30.94
-78.41
 57.48
286.30
 67.07
 64.67
151.40
199.81
  4.05
179.43
101.07
131.23
208.91
227.45
-27.28
236.99
116.37
140.44
 65.55
 28.21
-34.66
319.06
256.51
 10.77
-152.80
212.77
 67.06
269.31
138.53
141.88
160.78
 52.21
 66.19
 47.34
302.91
 70.08
-114.80
 61.82
183.95
 85.71
101.93
 97.52
161.58
116.25
 91.71
-81.11
102.98
285.12
332.43
 10.64
-57.37
138.18
 99.05
149.96
155.67
-14.78
 77.62
 56.25
230.28
370.03
219.61
113.35
 92.87
394.74
102.85
 94.40
  0.25
-13.28
-14.43
153.53
251.44
-118.62
263.24
 45.21
174.08
-15.77
156.06
164.99
189.41
 39.85
212.44
173.74
201.62
177.61
142.06
143.05
119.70
138.02
-184.66
 30.04
  2.54
186.15
 50.01
 91.41
 24.76
-34.95
148.30
 34.58
 83.32
 67.06
 81.54
144.54
162.54
 71.94
137.17
251.31
  7.14
231.78
114.61
167.42
229.69
136.31
 55.32
182.28
169.80
113.90
  4.27
130.25
-170.01
250.48
-29.44
268.25
-92.35
 26.63
 12.69
332.00
 52.36
226.09
137.62
 38.20
144.19
 37.79
215.83
 35.92
196.48
 53.65
 -9.40
177.03
171.39
188.16
161.73
155.06
 73.49
  0.38
269.79
125.22
173.31
121.33
483.62
107.23
136.39
202.71
111.48
 48.35
196.99
 79.67
166.21
 63.90
-113.18
108.64
-29.65
 16.56
-81.51
 69.86
 23.80
255.51
-51.64
 65.04
 84.46
 90.04
 12.48
239.42
 36.60
122.25
419.38
 15.97
173.62
-36.57
192.08
213.85
145.34
282.31
134.57
300.67
261.70
 66.30
145.47
 62.21
222.82
301.98
101.88
 77.34
 73.04
150.95
 42.65
204.97
 92.79
-27.57
120.88
160.66
137.61
 19.91
 58.79
 91.59
164.49
162.14
139.51
155.03
239.68
-42.50
137.21
100.07
114.39
 68.87
-66.78
 57.60
 70.19
144.18
 76.60
 26.57
-87.35
 77.31
106.24
  6.48
184.40
116.33
142.06
260.88
  4.17
-27.47
-10.90
 31.42
-26.21
159.39
163.54
 -6.26
 82.47
-26.95
-14.25
 64.31
109.90
118.66
-30.90
-37.80
 96.31
118.99
-16.50
-23.36
211.59
 44.29
165.50
 34.61
110.01
-23.87
137.30
  1.63
-125.10
 17.78
 55.21
111.18
  3.64
 68.72
 78.16
113.93
 81.24
187.13
 74.52
 20.69
214.12
258.00
 40.27
-24.94
176.41
 77.35
 64.47
171.25
113.53
 76.15
 51.25
111.49
205.29
-26.44
 93.35
170.47
105.00
 15.44
146.93
  2.43
-64.94
 54.84
104.86
 85.81
152.27
 87.88
154.45
100.52
-65.47
147.72
271.28
 62.56
112.24
-25.55
 27.52
203.40
 15.00
-37.27
 52.68
145.99
 78.81
 73.62
175.17
  0.95
 16.89
 81.18
-22.75
129.56
246.29
 70.15
-46.34
 68.85
 48.19
 85.25
 59.64
204.59
235.65
-113.59
 29.12
 97.58
 83.51
236.23
128.51
 -7.06
 34.68
-93.53
-20.82
 45.51
208.76
 58.59
357.78
-48.06
349.02
238.81
159.35
285.06
-37.35
 37.95
153.47
205.56
141.89
215.03
222.27
158.30
-57.77
204.49
101.95
182.28
153.46
219.86
138.28
 43.39
172.25
273.15
149.86
 -1.65
155.25
194.69
222.78
 33.31
163.30
137.82
 22.71
114.02
 92.27
 49.61
141.20
 79.99
124.17
 69.33
 50.72
116.24
-98.07
112.54
 89.50
 25.45
195.56
 12.93
118.86
 78.04
173.33
155.47
-33.90
 68.76
120.13
 58.40
 73.53
145.35
-68.18
194.29
165.83
-84.74
119.02
222.92
196.38
103.68
 63.52
 63.62
205.51
254.40
144.55
218.72
 61.28
-59.60
 65.38
 -8.20
120.85
131.58
310.45
116.53
-53.78
112.79
 59.04
109.35
 41.75
118.30
104.99
242.32
-118.15
231.24
 44.86
 33.43
246.07
-67.04
155.89
201.82
 45.26
 41.81
 62.01
-102.99
137.52
 89.95
-56.50
 88.54
147.71
220.65
 85.38
 91.96
137.74
178.32
121.73
 26.25
173.78
 37.26
 57.77
 59.29
167.05
 31.77
-20.65
115.73
 43.86
 88.41
156.70
 60.06
180.03
219.26
 51.77
 89.12
290.70
100.61
 78.52
263.16
 98.32
165.42
 53.63
176.86
 -2.16
253.55
-11.48
154.63
-64.03
  4.23
-43.76
 85.52
  1.01
103.51
-87.03
-15.18
 92.68
133.24
-73.64
120.13
156.73
161.62
-14.80
155.72
 90.44
197.84
 33.02
193.00
-81.71
133.87
-148.61
-70.72
 18.20
-36.31
125.17
105.12
236.06
 84.55
  8.34
269.33
 61.04
101.92
 14.72
 94.24
356.07
-13.33
-125.51
131.51
-86.61
179.77
123.18
 82.53
154.12
142.12
186.04
-72.52
 36.04
147.81
190.30
 13.69
 74.88
 -9.07
 34.37
 31.83
192.18
163.34
155.08
148.96
184.68
210.94
-45.92
161.05
101.39
343.61
138.71
 50.26
149.94
136.10
-15.14
246.40
 -9.30
 25.35
152.48
 95.09
-28.16
 48.98
 28.32
112.98
 65.72
 25.40
146.35
246.93
 32.27
260.41
237.21
224.89
 19.70
-162.23
146.99
-33.04
108.57
338.88
112.94
 74.95
218.37
 62.84
 11.05
116.87
244.17
155.69
 24.39
-134.45
 93.75
-12.86
-19.63
-14.00
120.78
 91.45
144.22
201.38
164.58
190.22
 78.97
 55.17
 88.08
 -0.55
130.78
341.82
 12.42
132.25
236.99
187.27
230.74
-29.71
133.54
 53.30
150.16
318.87
119.60
 27.06
183.38
 32.26
120.71
 32.39
  1.29
237.33
 96.21
149.12
144.84
 62.74
 46.97
329.72
 47.12
119.43
 66.32
212.56
-134.15
 15.13
 45.97
183.36
177.43
 83.56
160.78
242.85
101.96
-21.25
218.13
 80.88
272.59
 55.83
155.09
132.26
-24.78
189.56
254.18
214.97
-81.18
119.34
-118.22
156.40
 76.65
 57.36
170.30
166.98
 35.45
-72.28
 80.92
273.67
184.45
 90.31
232.62
 96.24
107.25
103.18
 69.39
  5.05
-85.64
132.55
163.38
 74.60
128.78
107.72
-79.94
-132.05
199.71
 88.87
-67.40
135.33
143.66
130.94
265.89
297.30
126.39
  1.11
-135.84
195.70
-12.88
231.69
233.20
 74.21
217.26
 87.12
147.40
136.34
135.53
121.00
258.83
 85.23
-60.81
145.58
 93.26
113.64
159.18
 72.78
167.68
188.56
 83.75
276.50
 81.67
101.85
  5.04
 16.20
148.41
109.14
-73.01
127.69
 80.20
 55.48
 23.71
 18.60
239.77
 -7.13
 85.25
131.95
102.05
 41.72
169.27
206.01
176.33
188.78
-27.77
 89.68
222.24
129.01
265.06
 84.87
 54.22
196.01
-12.82
 41.26
170.66
207.54
104.74
 74.74
133.22
194.30
 78.93
275.77
-65.87
118.19
181.13
142.97
 63.57
 81.22
-139.40
-32.17
 50.33
 77.70
196.37
 49.02
-46.10
 94.96
 29.99
112.29
 13.36
278.64
212.29
-87.10
 51.72
 41.79
 81.59
130.12
194.90
191.68
 53.89
209.18
 97.76
-37.64
-26.10
162.94
 21.08
 54.67
 42.53
181.39
130.95
138.20
 -5.36
 28.21
199.21
 92.47
106.40
136.36
-10.91
 -5.81
305.75
 79.94
 22.61
205.75
-32.34
114.95
 68.79
177.92
143.93
168.01
154.97
141.98
 32.42
171.49
 39.05
118.19
 -2.41
198.11
216.49
160.47
114.21
 67.00
128.57
157.82
 26.09
131.11
 62.22
130.94
103.41
101.62
129.09
233.31
131.88
210.42
 18.72
166.95
-31.17
264.29
 88.13
 23.20
106.93
101.83
 81.66
 44.21
 75.39
238.88
241.04
-10.87
165.35
312.16
181.41
 75.86
171.86
166.41
 56.57
191.82
-140.75
139.87
 10.47
 13.34
198.79
 49.36
179.45
181.72
113.65
219.71
 31.19
 76.42
 41.61
126.72
-123.08
-28.52
148.49
-56.13
126.69
125.29
 74.73
 60.15
 -0.52
114.24
143.10
-24.57
144.40
223.59
 36.89
 52.85
179.80
-97.37
 84.06
-35.67
210.52
-133.82
141.92
 94.61
 20.51
 99.29
180.26
160.22
-116.07
 97.62
 97.89
-80.92
233.59
 32.82
170.05
143.80
 34.24
163.41
-50.55
 46.10
163.78
 61.73
 97.87
 61.94
105.44
108.59
 49.79
 81.18
 93.10
 34.22
 63.37
188.02
115.31
 81.73
119.19
-72.33
 10.59
147.13
184.91
-176.67
116.57
 67.00
184.47
  8.22
103.33
201.11
 74.25
-17.82
212.19
257.03
326.78
133.47
246.65
137.88
 63.78
 72.94
223.13
188.06
 57.08
 69.36
 73.10
140.71
-36.48
114.58
 74.63
149.00
 77.78
 44.22
 38.21
 97.63
161.79
-12.52
 39.94
273.16
 39.03
199.96
 58.82
205.84
143.83
-37.05
  2.54
 68.07
 49.58
111.09
-182.18
-14.50
 95.99
 42.35
 32.35
120.33
 37.95
143.61
109.74
-18.92
-23.27
 21.69
 -2.80
115.10
 35.97
189.99
221.74
104.86
-72.72
 44.81
110.07
284.79
279.09
-17.26
243.00
149.32
229.06
 66.05
167.30
145.55
 51.87
106.72
-90.94
 21.94
 62.45
234.67
103.18
 57.91
115.29
 51.96
 51.55
 42.99
179.00
210.17
  1.40
262.48
149.34
-56.47
118.35
260.72
 61.44
396.78
 16.86
156.27
302.90
181.95
 12.37
 90.58
199.12
 35.58
111.93
 27.20
 41.66
203.05
  8.98
136.72
110.47
268.25
 64.89
123.41
 63.32
 50.84
169.89
 67.95
-28.91
155.70
 36.49
101.95
131.41
 14.94
 92.12
-237.06
301.94
112.79
 -5.61
 99.83
-13.25
151.55
108.09
112.21
207.32
-35.54
 46.39
133.47
104.22
216.14
154.58
106.50
256.57
 94.97
152.09
142.13
195.35
 14.63
 70.64
