  3.09
  0.05
  6.13
  3.75
  0.07
  2.26
  5.15
  5.58
  1.21
  2.97
  7.39
 15.06
  1.17
  1.03
  3.79
 10.80
  1.21
  3.44
  1.46
  2.28
  5.70
  1.79
  3.52
  7.98
 10.27
  0.62
  0.23
  3.25
  5.40
  4.23
  3.37
  0.80
  3.61
  1.58
  1.96
  0.74
  1.74
  0.99
  0.32
  1.67
  8.26
  3.29
  0.83
  6.14
  0.02
  3.08
  0.64
  2.12
  2.64
  3.38
  2.79
  5.05
  0.11
  0.36
  3.24
  3.01
 12.23
  4.64
 17.59
  0.61
  4.15
  8.36
  1.95
  2.87
 11.41
  1.05
  5.83
  2.38
  2.92
  5.48
  0.32
  1.01
  6.27
  7.81
  2.12
  2.78
  0.71
  6.41
  1.45
  0.99
  2.56
  1.00
  1.50
  6.73
  5.07
  1.14
  8.12
  1.91
  3.83
  4.66
  1.99
  0.37
  1.34
  2.02
  0.97
  0.43
  0.28
  1.89
  8.10
  2.41
  1.97
  4.96
  3.35
  3.16
  7.00
 13.51
  5.25
  1.20
  3.25
  4.73
  0.54
  1.65
  4.96
  2.59
  6.77
  0.05
  0.11
  0.27
 10.28
  5.29
  1.95
  1.88
  1.54
  5.92
  6.71
  1.58
  0.51
  0.54
  1.08
  4.16
  0.82
  0.12
  3.46
  7.16
  0.80
  0.69
  1.45
  2.99
  2.92
  3.11
  5.62
  9.61
  4.85
  0.23
  3.24
  0.50
  2.30
  4.33
  1.56
  1.96
  5.42
  1.55
  0.94
  0.76
  0.98
  0.25
  2.58
  1.26
  9.52
  4.43
  4.06
  0.18
  3.88
  2.53
  2.20
  0.25
  2.12
  0.15
  8.96
  0.55
  0.93
  4.83
  7.33
  4.55
  3.73
  1.56
  0.42
  5.48
  1.28
  0.20
  1.51
  6.82
  0.98
  0.13
  1.07
  4.21
  3.80
  4.61
  0.03
  3.28
  0.34
  2.04
  3.71
  1.21
  3.88
  0.17
 12.15
  1.35
  0.43
  1.96
  0.45
  0.60
  0.86
  2.90
  7.80
  0.50
  2.41
  1.88
  7.53
  5.65
  5.58
  1.51
  2.10
  0.29
  2.37
  7.53
  1.89
  1.56
 11.17
  3.98
  5.63
  0.56
  2.56
  4.47
  5.79
  2.09
  2.17
  0.69
  4.21
  3.34
  1.12
  0.81
  7.29
  0.32
  0.29
  2.90
  7.70
  0.61
  6.95
  1.80
  1.36
  2.02
  1.87
 10.89
  1.99
  0.43
  2.37
  5.85
  0.09
  0.38
  0.22
  2.12
  2.45
  0.01
  1.03
  0.79
  8.13
  1.49
  0.92
  2.21
  0.21
  2.84
  1.54
  9.47
  0.81
  4.11
  8.83
  0.46
  0.59
 14.33
  4.27
  2.03
  0.52
  4.76
  2.46
  0.28
  1.88
  2.57
  0.22
  7.64
  0.52
  2.87
 12.38
  3.08
  2.42
  1.91
  1.54
  2.07
  6.00
  1.37
  0.12
  2.33
  1.81
  3.06
  4.52
  3.50
  0.02
  7.78
  3.50
  3.01
  2.11
  3.93
  0.26
  6.66
  3.68
  1.51
  2.01
  4.45
  4.28
  1.90
  0.18
  2.98
  1.17
  2.03
  2.79
  1.03
  4.72
  0.35
  1.74
  6.18
  4.82
  1.95
  1.50
  2.95
  0.62
  3.61
  1.52
 13.84
  9.77
  0.16
  9.61
  0.95
  3.66
  1.53
  0.03
  1.56
  9.10
  4.72
  0.48
  3.27
  2.84
  1.55
  0.49
  3.72
  2.92
  1.81
  2.70
 11.43
  0.74
  2.30
  7.23
  0.86
  0.89
  2.32
  9.62
  5.72
 10.03
  5.71
  2.43
  0.31
  1.27
  0.68
  0.75
  2.84
 15.40
  7.56
  6.04
  2.95
  2.94
  1.83
  2.90
  7.11
  0.43
  0.21
  2.19
  3.54
 10.67
  1.23
  1.31
  1.92
  0.36
  6.85
  3.33
  0.12
  0.77
  0.45
  2.17
  0.70
  2.99
  0.04
  2.01
  0.18
  0.73
  0.42
 10.06
  2.24
  1.96
  8.16
  6.35
  2.46
  3.29
  5.81
 15.85
  1.61
 11.18
  7.34
  0.98
  2.10
  0.56
  0.36
  4.05
  2.46
  6.32
  6.15
  1.08
  1.04
  4.00
  5.67
  0.15
 13.69
  0.89
  5.26
  3.80
  0.74
  0.83
  0.62
  1.10
  1.98
  0.06
  5.47
  6.41
  4.28
  4.36
  3.71
  1.82
  0.74
  0.30
  9.12
  2.19
  2.29
  1.77
  5.05
  1.31
  2.62
  4.34
  0.40
  4.26
  2.24
  1.58
  2.84
 11.57
  1.31
  2.01
  8.06
  0.39
  1.18
  4.57
  1.97
  0.52
  0.68
  1.37
  0.72
  2.80
 13.01
  5.76
  1.14
 10.27
  1.15
  0.26
  1.46
  0.71
  3.03
  1.65
  5.80
  9.34
  1.20
  1.81
  5.07
  4.31
  3.71
  0.51
  8.74
  1.90
  1.14
  2.21
  0.31
  4.14
  1.99
  4.76
  0.50
  6.61
  6.54
  2.33
  2.08
  2.74
  5.94
  3.47
  1.02
  0.16
  5.79
  0.35
  1.51
  1.17
  1.86
  1.28
  1.54
  2.66
  6.46
  6.29
  1.81
 11.31
  0.26
  0.07
  2.07
  0.70
  1.61
  2.54
  9.28
  0.33
  1.67
  9.70
  2.40
 12.82
  3.52
  1.92
  5.60
  0.01
  1.09
 19.20
  8.31
  1.67
  0.90
  1.10
  0.58
  2.16
  0.06
  0.79
  2.87
  4.79
  2.84
  4.16
  2.12
  2.51
  7.56
  0.14
  3.24
  0.56
  2.09
 10.18
  0.46
  9.73
  1.38
  2.80
  5.25
  2.64
 10.02
  0.08
  2.05
  0.80
  9.42
  5.19
  1.26
  0.60
 14.38
 10.11
  1.42
  9.33
  7.15
  4.99
  2.90
  0.23
  0.02
  3.32
  1.70
  0.72
  1.12
  2.54
 12.01
  0.06
  1.38
  4.82
  4.05
  3.44
  3.35
  8.46
  1.33
  0.93
  1.40
  3.09
  4.45
  8.05
  3.84
  0.16
  1.25
  7.53
  2.70
  1.86
  2.98
  3.32
  0.62
  2.89
  1.95
  6.75
  2.41
  3.96
  4.15
  1.04
  0.39
  7.62
  1.44
  1.05
  7.49
  0.41
  2.94
  0.95
 10.94
  1.71
  2.79
  2.80
  9.85
  7.21
  0.40
  1.42
  3.78
  3.46
  3.57
  4.19
  0.26
  1.56
  0.32
  7.91
  7.82
 12.76
  4.49
  2.22
  0.11
  0.13
  6.66
  6.21
  2.59
  0.51
  5.95
  4.85
  4.50
  0.02
  1.63
  0.21
  4.08
  1.19
  0.11
  2.19
  1.72
  0.53
  1.09
 10.33
  1.49
  0.72
  3.07
  2.32
  1.81
  2.40
  5.62
  4.57
  5.85
  1.67
  4.92
  8.52
  1.75
  3.99
  0.11
  1.84
  0.38
 11.00
  1.33
  1.91
  0.96
 10.26
  7.40
  8.46
  1.35
  7.72
  8.22
  1.24
  1.44
  2.50
  2.99
  1.03
  4.84
  2.87
  0.07
  5.40
  1.55
  2.93
  0.31
  1.82
  1.85
  9.08
  3.31
 10.82
  0.54
  3.16
  0.38
  4.90
  0.69
  2.59
  5.05
  2.54
  0.17
  3.80
  9.17
  8.56
  3.64
  4.91
  3.65
  4.12
  1.75
  3.82
  0.63
  1.98
  3.21
  0.81
  2.00
  3.90
  0.53
  0.60
 13.42
  0.88
  4.14
  0.55
  4.71
  2.45
  4.07
  4.44
  2.07
  3.01
  3.82
  5.43
  1.80
  0.07
  1.64
  3.09
  1.52
  4.26
  9.09
  3.47
  2.78
 12.78
  0.74
  1.77
  4.17
  3.81
  0.61
 10.81
  3.60
  2.69
  6.35
  4.57
  0.20
  1.30
 10.88
  2.13
 12.85
  5.79
  1.97
  0.97
  8.10
  5.95
  0.85
  3.90
 10.49
  8.35
  2.46
  1.51
  2.50
  5.73
  2.18
  0.08
  0.07
  3.45
  8.90
  1.77
 12.27
  0.68
  0.55
  5.95
  5.26
  0.99
  0.15
  2.57
  5.03
  3.52
  1.90
  6.08
  0.89
  3.35
  1.80
  2.52
  4.91
  0.17
  1.02
  0.49
  2.52
  1.82
  3.21
  1.89
  1.96
  1.03
  1.27
  3.07
  0.21
  3.21
  0.59
  6.71
  2.12
 12.78
  0.46
  3.76
  0.74
  5.05
  1.50
  0.32
  4.04
 10.11
  0.35
  1.89
  4.55
  1.62
  1.24
  0.64
  0.39
  4.89
  2.51
  0.01
  0.60
  3.38
 14.22
 10.56
  1.74
  0.26
  2.61
 14.16
  1.64
 13.68
  0.10
  0.39
  7.94
 18.81
  0.24
 12.58
  3.44
  1.61
 12.81
  1.30
  4.80
  3.11
  1.60
  0.98
 10.86
  1.74
  1.61
  1.30
  1.72
  4.05
  0.29
  0.89
  5.39
  2.99
  5.66
  1.09
  3.64
  4.93
  3.85
  3.18
  4.45
  3.55
  1.18
  7.33
  7.63
  1.58
  0.47
  3.49
  0.87
  8.60
  2.50
  1.46
  3.89
  3.88
  3.58
  1.55
 11.53
  0.00
  8.27
  0.56
  2.46
  1.71
  1.41
  0.62
  3.13
  1.75
  2.58
  4.67
  5.65
  6.72
  0.05
  0.16
  3.25
  2.10
  0.84
  1.42
  1.79
  3.53
  7.05
  3.23
  3.16
  1.92
  5.55
  6.52
  2.40
  0.69
  0.02
  0.36
  8.79
  0.32
  3.05
  0.35
  4.57
  6.02
  2.05
  0.41
  1.80
  1.90
 20.58
  0.01
  1.14
  2.16
  0.62
  0.92
  2.10
  1.03
  4.43
  1.25
  0.06
  2.58
  0.85
  0.49
  3.13
  3.05
  4.61
  2.29
  9.13
  2.04
  5.94
  0.42
  3.45
  4.92
  0.62
  1.40
  1.26
  2.46
  6.78
  3.31
  5.30
  1.66
  4.07
  1.03
  6.64
  0.70
  5.15
  7.30
  1.64
  1.91
  2.77
  1.91
  0.07
  0.21
  2.22
  1.37
  2.86
  7.92
  1.43
 13.45
 12.62
  4.90
  2.80
  0.01
  8.46
  5.66
  6.93
  9.07
 12.10
  2.18
  1.88
  2.84
  2.71
  0.13
  5.46
  0.48
  3.22
  0.92
  2.96
  0.53
  4.37
  2.18
  1.00
  0.47
 17.80
  0.07
  0.97
  3.88
  4.57
  0.51
  3.30
 11.24
  0.43
  0.34
  3.21
  0.75
  2.03
  4.27
  1.09
  1.23
  1.46
  0.59
  5.49
  4.34
  4.29
  2.50
  1.73
 11.13
  0.71
  0.58
  3.73
  2.54
  3.51
  0.77
  4.88
  0.34
  3.70
  0.81
  5.25
  5.40
  2.22
  8.50
  2.12
  2.65
  2.71
  9.81
  1.26
  6.72
  1.41
  8.19
  0.37
  0.06
  2.99
  1.28
  2.05
 11.81
  6.84
  1.67
  2.55
  6.19
  0.06
  1.76
  2.33
  5.60
  2.49
  0.39
  7.13
  7.78
  3.07
  7.54
  6.76
  1.28
  4.82
  0.94
  0.45
  5.25
  0.09
  2.23
  5.91
  2.17
  1.59
  3.02
  0.81
  2.13
  0.13
  1.66
  0.32
  0.90
  1.80
  0.74
  3.48
  0.41
  2.04
  7.33
  0.44
  0.39
  6.74
  0.23
  2.32
  1.82
  5.80
  9.13
 14.07
  1.15
  3.31
  3.76
  7.06
  0.09
 13.03
  2.99
  2.44
  0.22
  2.39
  7.17
  8.01
  5.09
  4.98
  0.62
  2.86
  1.99
  6.77
  1.43
  0.30
  0.95
  5.04
  0.79
  0.56
  1.64
  0.27
  0.43
  1.42
  0.58
  0.84
  0.05
  3.38
  0.86
  1.24
  2.74
  3.18
  2.53
  2.04
  1.67
  2.40
  0.48
  1.91
  3.01
  4.63
  0.16
  1.20
  2.54
  1.47
  7.88
  5.07
  8.06
  6.28
  0.30
  1.27
  5.50
  2.40
  1.33
  3.32
  1.34
  0.71
  0.51
  2.33
  0.64
  5.50
  1.91
  6.71
  3.91
 13.57
  0.27
  9.26
  5.58
  0.03
  0.79
  1.71
  1.76
  3.28
  0.20
  9.81
  3.62
  2.95
  7.56
  0.06
  5.47
  1.45
  0.15
  0.48
  3.26
  6.85
  6.55
  0.87
  3.16
  0.55
  1.76
  3.90
  0.08
  2.59
  5.15
  0.55
  1.69
  2.29
  1.82
  1.69
  1.32
  3.27
 14.09
  3.19
  9.25
  2.12
  0.40
  8.95
  1.37
  0.01
  1.83
  0.44
  3.84
  0.39
  7.59
  5.44
  2.16
  1.87
  0.24
  3.77
  0.19
  6.97
  1.22
  7.71
  7.80
  1.30
  2.91
  2.84
  5.18
  1.13
 19.27
  1.82
  4.31
  4.63
  1.60
  4.40
 16.14
  0.20
 14.41
  5.13
  0.04
  0.48
  2.13
  2.34
  0.50
  0.67
  1.44
  0.23
  3.71
  2.47
  0.52
  1.93
  4.70
  1.75
  0.44
  2.70
  8.35
  5.20
  1.92
  2.54
  0.32
  6.99
  2.26
  5.32
  2.12
  0.22
  0.80
  8.48
  4.05
  2.00
  1.28
  0.65
  2.97
  1.88
  2.41
  3.62
  1.01
  1.22
  0.21
  8.33
  1.43
  1.15
  0.85
  0.42
  5.21
  0.71
  3.14
  0.67
  5.91
  7.36
  0.33
  0.51
  4.25
  0.33
  4.36
  0.14
  0.82
  2.85
  8.50
  3.26
  1.57
  0.18
  0.39
  3.11
  1.43
  4.80
  1.61
  0.98
  3.09
  3.83
  2.68
  2.54
  7.11
  4.44
  2.20
  2.04
  0.70
  4.52
  4.87
  2.80
  4.91
  2.06
  2.60
  4.28
  0.67
  6.09
  2.68
  0.62
  8.35
  2.97
  1.41
  0.58
  1.78
  0.50
  9.50
  2.66
  4.62
  1.06
  8.53
  1.60
 20.27
  2.92
  0.59
  1.89
  3.96
  5.99
  3.15
  0.79
  7.16
  0.41
  1.91
  2.88
 11.19
  0.60
  0.68
  0.87
  4.49
  3.33
  1.36
  2.55
  0.36
  7.38
  2.08
  2.08
  1.20
  9.86
  0.10
  0.43
 10.23
 12.97
  1.41
  0.85
  4.55
 11.04
  0.45
  4.55
  0.45
  2.54
  2.33
  1.78
  5.30
 11.33
  0.39
  5.44
  5.89
  4.47
  2.96
  1.37
  1.98
  6.09
  0.37
  1.04
  1.45
  2.18
  0.27
  4.60
  1.37
  3.32
  9.91
  0.34
  0.10
  2.59
  0.87
  0.38
  0.89
  5.02
  1.16
  4.41
  2.25
  1.65
  1.88
  7.66
  2.50
  0.82
  0.37
  5.38
  2.62
  1.31
  7.66
  5.21
  0.63
  3.85
  2.38
  8.25
  3.01
  1.52
  0.30
  1.04
  4.20
  6.12
  5.66
  0.24
  0.49
  2.03
  1.83
  0.30
  1.72
  0.07
  0.26
  0.21
  3.51
 13.79
  2.93
  4.22
  2.39
  0.55
  2.24
  7.17
  4.74
  0.71
  1.16
  3.97
 10.00
  8.56
  2.61
  1.37
  1.10
  0.53
  4.25
  0.94
  5.13
  2.98
  2.80
  2.79
  2.02
  2.01
  0.09
  0.41
  4.21
  1.89
  8.14
  0.57
  5.15
  5.30
  5.25
 12.42
  3.64
  2.37
  7.02
  3.70
  1.68
  1.85
  1.35
  0.74
  0.99
  2.93
 12.42
  1.82
  0.10
  1.12
  2.65
  1.92
  2.40
  3.13
  2.17
  4.24
  3.79
  0.40
  4.98
  4.96
  4.78
  1.74
  0.28
  0.52
  3.09
  0.88
  2.95
  0.55
  1.35
  3.86
  9.85
  1.80
  0.18
  7.24
 14.80
  1.54
  2.40
  1.59
  2.14
  1.97
  8.10
  3.40
  0.21
  0.50
  0.32
  5.81
  1.38
  8.28
  7.47
  0.01
  0.68
  4.75
  6.23
  3.37
  0.85
  0.08
  0.52
  0.55
  0.63
  4.23
  3.51
  3.27
  0.68
  0.09
  7.22
  0.63
  0.54
  6.98
  4.35
  0.55
  4.13
  6.23
  6.22
  3.02
  0.22
  3.24
  0.68
  1.00
  1.61
  5.09
  2.49
  6.58
  1.29
  3.85
  5.63
  0.19
  4.89
  5.68
  1.96
  7.86
  3.61
  3.44
  1.86
  3.25
  1.48
  0.68
  0.11
  0.01
  7.25
  2.64
  1.57
  3.29
  4.45
  2.12
  1.37
  0.37
  0.59
  9.51
  2.60
  1.02
  2.50
  2.58
  5.09
  0.83
  3.91
  2.68
  1.15
  4.21
  3.82
  3.39
  0.39
  2.96
  1.72
  0.43
  0.51
 12.60
  4.32
  1.31
  1.76
  9.96
  4.74
  5.42
  6.57
  1.61
  2.11
 12.06
  2.12
  2.72
  2.10
  0.91
  1.83
  7.87
  1.14
  4.26
  4.67
  1.34
  2.18
  1.73
  5.04
  3.35
  2.48
  1.16
  2.63
  5.87
  1.92
  3.75
  1.30
  3.08
  0.27
 10.31
  3.03
  2.18
  0.75
  6.15
  2.99
  4.05
  1.03
  0.10
  5.34
  0.20
  3.86
  1.70
 13.47
  0.70
  2.01
  0.47
  2.33
  1.00
  1.30
 10.55
  4.80
  2.47
  0.70
  6.07
  4.99
  1.29
  0.24
  3.34
 19.23
  3.25
  0.08
  3.77
  0.98
  1.65
  0.78
  0.40
  1.65
  7.64
  3.10
  0.72
  2.41
  1.66
  2.37
  0.82
  3.44
  3.59
  4.86
  1.78
  1.04
  2.86
  3.17
  7.64
 10.24
  5.71
  3.56
  2.46
  0.64
  0.59
 15.83
  3.60
  4.77
  3.67
  1.94
  0.27
  3.02
  5.22
  0.53
  3.58
  1.31
  1.50
  1.84
  3.00
  2.10
  2.57
  1.61
  1.79
  5.51
  4.26
  7.07
  4.08
  1.42
  4.09
 17.81
  0.56
  0.85
  0.51
  6.77
  4.87
  5.67
  0.74
  1.58
  2.44
  2.59
  6.00
  4.40
  0.13
  6.37
  0.41
  0.57
  4.33
  1.62
  1.93
  0.10
  0.20
  1.34
 15.25
  0.58
  0.66
  2.21
 12.37
  6.80
  4.36
  0.56
  3.27
  5.70
  1.22
  6.52
  2.17
  2.29
  7.23
  1.11
  3.83
  4.16
  0.30
  2.53
  0.90
  4.11
  6.01
  1.05
  3.30
  2.02
  3.44
  1.76
  2.99
 11.51
  2.83
 12.03
  4.29
  3.93
  1.10
  2.43
  0.94
  1.27
  1.02
  2.03
 10.55
 10.21
  1.17
  1.97
  3.63
  3.11
  0.60
  0.79
  6.67
  0.67
  0.21
  2.29
  3.51
  2.11
 20.38
  3.66
  7.17
  1.41
 12.14
  4.36
  3.97
  0.23
  1.99
  2.20
  2.83
  9.76
  1.60
  3.84
  0.41
  3.13
  4.72
 10.44
  0.23
  1.73
  3.95
  5.06
  1.29
  1.44
  1.36
  0.08
  4.78
  0.62
 13.24
  3.22
  4.15
  3.25
  1.39
  2.36
  9.40
  2.17
  1.73
  0.67
  7.13
 10.11
  1.24
  4.07
  0.51
  4.32
  2.01
  0.54
  2.87
  3.68
  0.48
  1.57
  2.75
  0.68
  5.77
  1.02
  2.53
  2.87
  1.42
  0.63
  9.59
  2.33
  9.45
  8.82
 10.59
 16.30
 10.01
  5.82
 15.45
  1.24
  6.03
  4.04
  4.19
  8.35
  2.72
  4.04
  2.68
  2.00
  0.19
  3.31
 12.61
  0.01
  0.93
  5.03
  3.14
  2.34
  4.87
  2.43
 11.90
  2.46
  2.89
  0.88
  2.22
  0.52
  1.99
  3.25
  4.61
 11.27
  0.13
  1.76
  0.87
  5.50
  0.88
  3.65
  2.89
  4.24
  0.07
  0.48
  2.36
  0.64
  2.16
  3.33
  1.43
  2.74
  2.48
 10.20
  0.39
  4.42
  2.14
  2.05
  2.04
  1.49
  3.60
  2.84
 11.92
  2.32
  1.98
  0.38
  6.14
  7.79
  1.75
 10.63
 17.00
  1.59
  5.16
  2.55
  0.05
  3.02
  0.14
  6.11
  1.08
 13.67
  3.42
  4.38
  2.04
  0.96
  1.38
  4.79
  1.52
  2.19
  3.85
  0.80
  0.34
  4.60
  3.07
  3.63
  2.36
  0.23
 13.53
  2.63
  3.53
  2.87
  1.10
  3.99
  0.56
  4.46
  1.31
  2.28
  1.65
  3.23
  3.50
  1.14
  3.45
  0.61
  0.78
  2.61
  4.08
  4.40
  3.42
  5.90
  0.00
  4.14
  0.70
  3.49
  0.04
  9.81
  5.65
  1.25
  0.00
  0.96
  0.14
 12.09
  4.14
  0.12
  0.21
  2.18
  1.48
  0.92
  1.25
  6.01
  2.81
  2.45
  2.30
  2.73
  6.76
  0.70
 13.76
  2.88
  3.22
  4.43
  7.53
  1.24
  5.99
  2.93
  2.17
  4.00
  0.60
  0.41
  7.68
  1.69
  8.89
 13.28
  5.43
  0.80
  1.80
  2.04
  7.95
  3.56
  0.21
  3.94
  2.90
  0.27
  1.43
  1.84
  3.53
  0.71
  0.49
  1.72
  0.61
  0.67
  4.32
  1.26
  8.24
  2.64
  0.24
  2.26
  5.89
  1.21
  1.79
  0.63
  8.01
  0.02
  0.17
  2.21
  0.39
  7.65
  1.24
  0.53
  2.03
  0.55
  6.63
  8.41
  0.05
  0.18
  1.81
 10.10
  1.92
  4.30
  1.94
  0.04
  5.40
  0.21
  1.62
  4.05
  4.09
  2.77
  9.86
  3.11
  0.86
  2.40
  1.00
  2.21
  7.13
  1.94
  2.22
  2.41
  1.87
  1.95
  6.08
  7.66
  3.83
  4.04
  1.36
  2.19
  2.52
  6.70
  0.65
  3.36
  0.19
  3.16
  1.41
  1.69
  1.50
  8.69
  3.76
  5.06
  0.85
  1.00
  1.20
  2.17
  1.70
  3.55
  3.80
  0.45
  6.09
  2.89
  0.43
  4.80
  2.02
  0.96
  4.15
  8.01
  0.35
  0.39
  4.00
  3.73
  1.13
  0.94
  1.12
  0.62
 15.64
  2.72
  0.01
  6.63
  7.36
  5.42
  4.26
 13.24
  3.83
  1.70
  1.77
  2.73
  7.92
  0.53
  1.40
  1.61
  1.57
  0.01
  3.29
  0.65
  0.15
  2.75
  3.53
  4.41
 13.46
  3.86
  7.88
  1.10
  0.80
  6.01
  3.88
  7.49
  7.76
 19.08
  0.70
  2.33
  0.41
  0.54
  1.64
  3.21
  2.75
  2.43
  0.61
  3.99
  0.30
  3.32
  2.95
  1.64
  2.80
  1.43
  5.21
  5.96
  0.56
  0.26
  2.24
  0.06
  3.08
  4.03
  3.97
  2.80
  1.57
  2.47
  3.28
  1.16
  0.31
  3.68
  0.74
  5.79
  2.15
  1.86
  2.39
  0.89
  1.27
  0.66
  5.71
  0.16
  6.16
  0.47
  1.04
  0.66
  5.61
  1.70
  3.22
  0.61
  0.45
 14.81
  4.58
  0.56
  0.72
  8.45
  1.39
  2.13
  1.50
  2.48
  1.09
  1.21
  1.94
  3.54
  2.76
  1.11
  0.32
  0.88
 17.25
  4.65
  4.60
  6.38
  3.60
  3.26
  4.07
  5.88
  6.12
  0.20
  1.95
  5.43
  2.15
  3.69
  0.51
  5.94
  0.84
 10.15
  9.66
  4.87
  4.51
  4.71
  0.45
  1.96
  4.00
  1.97
 15.73
  2.17
 12.61
  0.63
 13.93
  3.24
  6.05
  0.56
  1.28
  0.98
  2.14
  1.68
  1.34
  5.23
  0.43
  0.65
  0.01
  2.37
  7.99
  0.63
  0.10
  3.69
  2.74
  3.44
  0.04
  1.20
  5.01
  1.90
  2.36
  1.40
  5.98
  2.87
  2.07
 21.00
  3.13
  2.11
  2.78
  1.13
  4.47
  2.28
  3.11
  0.93
  2.18
  4.26
  5.12
  1.09
  1.17
  2.72
  6.13
  1.62
  2.36
  1.45
  4.30
  1.53
  0.04
  5.83
  7.13
  7.53
  2.17
  5.39
  2.80
  1.00
  6.11
  0.51
  0.42
  0.56
  3.57
  3.82
  5.83
  5.02
 14.72
  0.49
  4.24
  0.47
  0.27
  6.51
  7.89
  4.50
  2.04
  0.11
  4.41
  6.99
  1.28
  2.70
  0.28
  0.04
  0.89
  3.13
  1.09
  0.76
  0.18
  1.09
  2.54
  6.98
  3.56
  0.23
  2.79
  9.08
  3.42
  3.40
  4.34
  2.47
  0.57
  1.55
  1.83
  1.25
  1.82
  1.17
  0.87
  0.73
  2.36
  1.46
  0.26
  0.10
  2.29
 16.45
  5.89
  1.05
  6.84
  0.11
  4.48
  0.29
  0.18
  3.11
  6.96
  5.29
  7.84
  9.51
  0.70
 13.01
  0.40
  7.54
  2.32
  2.55
 23.19
  4.20
  0.46
  1.22
  5.94
  3.56
  1.31
  7.34
  4.09
  2.36
  2.46
  1.81
  4.86
 12.09
  0.06
  0.49
  0.85
  2.20
  6.79
  0.84
  2.16
  1.05
  7.07
  3.88
  5.70
  1.73
  1.82
  4.53
  0.49
  6.85
  2.20
  5.59
  0.55
  0.41
  3.11
  0.39
  1.50
  1.39
 12.24
  0.17
  1.87
  7.70
  1.48
  5.09
  2.37
  1.86
  0.92
  1.45
  1.46
  0.11
  2.18
  2.01
  7.00
  0.56
  2.62
  4.69
  2.94
  1.26
  5.55
  6.35
 15.66
  4.26
  1.67
  1.17
  4.21
  0.19
  6.46
  2.67
  0.73
  6.63
  4.01
  1.13
  2.40
  3.63
  3.23
  1.00
  2.13
  3.77
 11.56
  0.47
  0.91
  2.41
  6.28
  0.76
  4.50
  3.12
  1.62
 13.71
 16.40
  0.59
  1.96
  0.81
  0.13
  2.15
  1.59
  5.71
  8.18
  1.57
  6.91
  4.14
  3.44
  0.12
  8.87
  3.78
  0.42
  4.36
  3.57
  2.62
  1.12
 16.47
  7.80
  9.20
  6.19
  3.32
  6.66
 15.18
  2.62
  8.24
  5.49
  2.64
  9.93
  6.39
  5.02
  7.26
 11.82
  0.40
  1.48
  0.53
  2.96
  2.40
  0.15
  2.88
  1.31
  3.77
  3.39
  9.02
 13.79
  5.25
  0.52
  4.94
 10.58
  5.20
  6.65
  0.12
  8.79
  0.93
  3.89
  2.19
  1.17
  6.43
  1.56
  0.32
  7.98
  2.20
  0.32
  1.33
  0.51
  0.85
  0.98
  1.50
  0.00
  0.92
  2.87
  7.09
  1.84
  5.44
  0.44
  0.41
  0.73
  5.26
  1.50
  2.32
  0.25
  0.16
  0.68
  0.35
  0.90
  3.69
  0.47
  4.04
  1.43
 12.22
  7.54
  1.66
  0.73
  3.56
  0.20
 10.76
  1.06
  3.77
 16.72
  2.72
  2.83
  5.92
  0.50
  0.21
  0.26
  4.32
  7.17
  5.69
  6.94
  3.83
  4.46
  4.12
  4.65
  3.95
  1.74
  0.01
  3.91
  2.78
  1.49
  2.13
  5.72
  1.28
  0.10
  7.57
  3.97
  2.39
  4.89
  4.32
  0.61
  3.02
  3.24
  0.40
  1.65
  4.43
  4.61
  7.35
  0.56
  1.49
  0.16
  3.00
  0.05
  4.80
  3.08
  0.95
  0.30
  1.66
  1.52
  0.32
  0.12
  7.01
  0.40
  5.07
  1.11
  0.97
  0.55
  5.24
  2.40
  0.13
  1.36
  0.30
 12.71
  1.39
  4.77
  0.08
  0.78
  3.16
  3.73
  2.29
  0.23
  7.10
  7.18
  4.95
  0.79
  2.55
  4.27
  2.72
  2.55
  0.55
  2.08
  6.57
  0.43
  0.15
  2.20
  2.05
  4.12
  2.94
  3.08
  1.12
  2.29
  4.09
  4.08
  1.48
  7.98
  0.24
  2.96
  4.53
  6.94
  0.44
  3.81
  2.01
  3.30
  9.78
  3.66
  3.11
  2.62
  0.65
  0.98
  5.35
  8.85
  1.61
  0.63
  8.78
  3.14
  8.94
  0.40
  1.82
  4.48
  2.95
  5.42
  8.18
  3.84
  0.29
  3.47
  0.78
  6.48
  0.57
  6.20
  0.13
  0.93
  8.06
  4.48
  7.04
  2.74
  8.65
  8.07
  2.41
  5.24
  1.10
  1.96
  3.66
  0.43
  4.52
  4.80
  4.20
  2.66
  2.23
  4.45
  1.09
  1.63
  4.05
  1.90
  0.98
  4.03
  5.07
  1.59
  0.91
  0.01
  8.54
  5.60
  2.92
  2.25
  7.81
  0.43
  0.81
  0.28
  2.10
  3.15
  3.09
  2.67
  5.53
  1.64
  5.64
  1.16
  3.65
  1.29
  2.23
  5.48
  0.06
  1.53
  2.13
  2.15
  3.36
  4.32
  1.39
  0.39
 11.85
  3.46
  0.89
  8.42
  6.30
  0.37
  2.49
  0.85
  2.25
  1.78
  2.70
  2.77
  3.83
  2.07
  0.25
  2.94
  1.05
  6.65
  3.06
  1.05
  8.04
  3.30
  2.30
  2.58
  1.52
  1.87
  5.78
  1.78
  0.89
  3.60
  0.89
  1.43
  2.08
  2.19
  2.66
  1.09
  2.53
  0.34
  3.65
  3.36
  3.56
  0.60
  0.89
  1.20
  2.13
  1.10
  0.51
  3.05
  0.86
  0.38
  5.29
  2.35
  1.28
  0.59
  7.57
  1.34
  0.70
  1.15
  0.57
  0.47
  0.01
  0.46
  3.16
  0.02
  0.15
  0.63
  2.97
  0.03
  0.97
  2.26
  0.96
  1.98
  1.40
  0.41
 16.85
  0.29
  9.02
  2.52
  2.00
  1.30
  3.83
  0.17
  0.18
  3.90
  6.73
  2.89
  4.68
  1.93
  0.27
  0.12
 11.59
  0.51
  1.43
 12.08
  0.14
  2.35
 13.30
  2.45
  0.31
  4.24
  1.85
  3.00
  9.74
  2.08
  4.75
  3.32
  0.45
 13.06
  2.93
  5.29
  3.51
  3.96
  7.10
  0.32
  1.04
  3.54
 19.12
  0.41
  8.60
  0.40
  3.13
  3.95
  5.91
  0.69
  1.99
  8.02
  3.99
  5.18
  5.58
  1.38
  0.19
  3.39
 11.74
  0.21
  2.07
  8.42
  0.17
  6.92
  3.64
  1.48
  4.75
  3.76
  3.64
  2.37
  3.98
  4.32
  2.06
  7.58
  8.53
  0.70
  8.85
  2.80
  5.76
  1.91
  0.74
  4.47
  0.77
  2.81
  4.88
  4.00
  1.35
  0.91
  0.22
  0.16
  0.15
  2.86
  2.03
  4.85
  3.18
  0.91
  0.16
  4.41
  1.01
  7.02
 13.72
  1.84
  2.29
  1.11
 12.11
  1.34
  0.93
  0.75
  7.40
  0.11
  1.20
  0.99
  0.90
  4.32
  2.54
  0.35
  0.93
  2.16
  6.22
  3.34
  3.56
  1.63
  1.97
  1.73
  1.47
  8.52
  2.81
  0.21
  1.54
  0.14
 10.17
  3.15
  7.36
  0.71
  1.21
  3.04
  0.71
  1.08
  0.46
  7.41
  1.94
  3.63
  2.14
  5.03
  4.83
  4.80
  0.98
  1.31
  9.50
  0.51
  1.96
  6.91
 10.25
  1.83
  2.74
  6.12
  1.29
  4.15
  0.02
  4.88
  8.92
  3.52
  2.02
  0.72
  9.88
  6.92
  1.53
  2.63
  2.03
 10.34
  0.93
  1.91
  2.23
  0.10
  5.62
  4.64
  0.02
  5.54
  1.75
  6.71
  1.27
  1.40
  5.38
  0.67
  0.67
  1.65
  0.80
  2.40
  7.65
  0.37
  2.27
  1.67
  1.77
  3.59
 13.32
  4.70
  2.19
  7.66
  2.41
  1.60
  3.13
  0.32
  0.25
  0.91
  1.50
  0.96
  4.01
 17.27
  0.30
  1.97
  4.31
  1.75
  3.07
  7.04
  0.16
  5.47
  0.75
  0.58
  1.74
  1.24
  6.37
  2.15
  4.39
  0.46
  0.21
  1.39
  2.45
  1.44
  0.99
  3.84
  3.28
  1.89
  2.74
  0.74
  0.15
  8.62
  3.64
  1.18
  1.95
  0.68
  4.25
  1.26
  3.68
  0.02
  2.66
  2.13
  0.68
  4.03
  2.58
  4.03
  3.48
  9.96
  7.69
  1.79
  0.39
  1.46
  1.36
  8.38
  2.16
  6.55
  5.76
  3.25
  0.13
 10.15
  2.46
  0.97
  8.09
  1.92
  0.93
  0.93
  0.16
  1.94
  5.98
  0.17
  0.18
  5.36
  0.72
  0.12
  0.40
  6.82
  2.08
  4.54
  2.13
  5.17
  3.70
  0.76
  0.57
 12.95
  4.69
  0.70
  7.88
  0.65
  1.14
  0.32
  7.56
  2.75
  0.88
  2.20
  1.41
  0.43
  3.08
  1.20
  0.18
  0.84
  0.82
  4.05
  7.45
  0.08
  0.57
  2.62
  0.06
  6.06
  2.87
  0.10
  0.27
 10.72
  4.72
  2.01
  1.64
  2.02
  0.44
  4.37
  0.90
  3.24
  1.63
 14.43
  1.20
 26.17
  2.56
  0.35
  3.97
  0.89
  0.46
  4.06
  8.90
  6.62
  0.97
  3.90
  0.29
  1.90
  6.18
  6.55
  3.22
  2.20
  1.92
  1.00
  0.12
  0.43
  0.15
  0.65
  0.94
  0.40
  0.44
  1.60
  3.26
  0.44
  2.68
  0.38
  0.67
  7.24
  5.46
  5.28
  2.10
  0.31
  5.42
  9.98
  4.54
  2.49
  4.23
  2.92
  2.86
  0.01
  0.68
  2.06
  2.14
 15.53
  0.50
  3.62
  1.76
  0.81
  3.78
  0.46
  4.00
  2.85
  0.67
  2.01
  2.39
  3.50
  2.66
  1.28
  4.34
  7.45
  2.71
  2.94
  3.95
  0.89
  4.72
  1.73
  3.37
  0.44
  1.81
  3.27
  6.94
  0.66
  3.88
  0.33
  7.59
  5.15
  0.90
  5.86
  5.05
  3.89
  0.84
  3.99
  5.29
  3.01
  2.60
  4.53
  0.21
  8.45
  1.31
  1.60
  0.39
  4.48
  1.92
  0.81
  2.97
  2.63
  1.13
  5.88
  1.34
  0.80
  0.54
  0.76
  1.77
  9.01
  0.09
  1.04
  8.12
  2.25
  3.53
  7.32
  0.09
  4.65
  8.77
  2.11
  0.70
  2.05
  2.80
  1.55
  6.22
  2.19
  7.51
  3.57
  1.41
  2.04
  7.30
  3.49
  3.58
  8.13
  4.21
  4.43
  0.05
  2.49
  2.01
  0.25
  1.85
  4.04
  3.92
  1.42
  6.41
 16.44
  0.43
  1.49
  0.70
  6.43
  1.82
  3.73
  6.43
  0.45
  0.17
  5.31
  3.90
 10.40
  0.58
  0.28
  0.94
  7.24
  3.71
  3.16
  1.11
  0.39
  0.08
  5.64
  2.93
  1.57
  8.62
  9.79
  8.61
  1.80
 10.00
  1.02
  5.51
  0.13
  1.48
  7.31
  1.16
  2.65
 10.23
  0.09
  0.11
  0.60
  3.77
  3.63
  0.11
  2.80
  2.43
  2.87
  2.03
  2.58
  6.69
  6.38
  6.62
  2.73
  3.32
  3.84
  0.06
  1.68
  5.60
  3.04
  1.24
  0.02
  2.41
  2.50
  3.51
  2.75
  0.14
  1.50
  2.96
  1.78
 10.05
  1.33
  1.12
  0.99
  3.07
  4.35
  3.07
 10.62
  8.85
  3.49
  0.25
  1.60
  1.31
 11.82
  2.32
  3.19
  3.63
  6.10
  7.99
  1.88
  1.00
  0.13
  2.27
  0.93
  0.27
  3.02
  1.87
  5.50
  8.69
  2.91
  4.82
  0.48
  2.05
  3.68
  1.18
  0.34
  0.71
  3.27
  6.33
  2.03
  0.22
  2.16
 14.55
  2.73
  4.60
  0.72
  2.01
  0.90
  2.40
  4.95
  1.86
  2.05
  1.10
  4.67
  0.76
  8.16
  2.45
  3.54
  8.14
  9.64
  2.49
  5.16
  4.70
 12.17
  4.94
  4.61
  1.90
  2.47
  4.49
  3.00
  1.25
  8.31
  0.72
 11.76
  0.45
  0.41
  5.57
  0.43
  0.44
  2.06
 10.16
  2.31
  0.64
  0.36
  0.72
 11.40
  3.94
  0.64
  1.12
  1.16
  2.09
  1.77
  0.02
  5.98
  0.56
  0.55
  2.53
  3.00
  6.05
  8.94
  0.73
  1.00
  1.65
  2.40
  3.04
  5.89
  1.15
 11.25
  5.53
  2.00
  0.96
  2.31
 13.05
  0.45
  4.79
  4.05
  6.90
  0.59
  2.75
  1.91
  2.69
  5.52
  5.18
  1.50
  5.86
  5.87
  6.55
  2.09
  4.15
  1.97
  0.24
  1.04
  4.08
  2.11
  3.31
  4.56
  2.72
  1.05
  3.44
  5.16
  8.11
  2.44
  4.48
  5.26
  4.68
 16.08
  2.17
  1.18
  0.76
  1.54
  3.93
  0.07
  0.89
  0.67
  2.29
  0.94
 12.00
  5.04
  1.74
  2.07
  0.71
  0.07
  0.85
  2.81
  0.35
  2.74
  5.88
  1.13
  2.40
 10.41
  1.40
  0.82
  6.20
  2.36
  2.26
  4.30
  2.34
  1.02
  3.17
  0.66
  0.16
  0.50
  2.44
  1.42
  0.47
  4.23
  1.28
  2.18
  0.96
  0.06
  0.38
  0.07
  0.82
  0.98
  0.07
  0.26
  2.11
  2.65
  1.81
  4.12
  1.67
  3.46
  5.85
  0.87
  6.42
  1.35
  1.05
  1.90
  0.52
  1.30
  2.54
  6.20
 13.26
  3.61
  4.18
  5.62
  3.15
  3.33
  3.28
  4.54
  4.88
 10.11
  0.43
  1.84
  8.50
  1.82
  9.16
  0.64
  4.62
  1.75
  0.50
  2.05
  1.61
 16.74
  2.03
  0.44
  4.46
  3.95
  0.88
  2.45
  2.13
  2.85
  3.31
  3.15
  1.29
  0.67
  2.23
  2.34
  2.64
  1.82
  2.86
  2.07
  6.78
  3.00
  1.50
  9.88
  2.16
  0.81
  1.28
  5.80
  0.72
  2.98
  8.90
  0.62
  4.42
  4.92
  0.15
  0.76
  0.99
  4.56
  4.47
  4.58
  1.13
  4.79
  3.15
  1.29
  0.02
  0.02
  1.70
  3.01
 31.99
  0.65
  1.44
  5.25
  3.09
  7.57
  0.09
  8.80
  0.48
 15.10
  0.53
  1.78
  1.66
  4.35
  0.08
  0.49
  1.28
 10.96
  2.46
  3.92
  1.53
  1.01
  3.05
  1.55
  7.83
  0.12
  8.92
 10.43
  3.32
  1.19
  1.78
  1.19
  2.84
  0.85
  2.14
  1.94
  0.68
  2.65
  0.02
  2.40
  2.72
  0.94
  3.51
  0.75
 13.99
  2.20
  3.32
  0.88
  5.04
  0.51
  0.89
  8.96
  5.52
 10.61
  1.28
  0.23
 21.18
  2.79
  1.23
  1.73
  0.09
  6.06
  0.33
  0.18
  9.78
  1.65
  0.75
  1.66
  0.87
  0.70
  3.07
 22.55
  1.33
  2.33
  0.63
  9.49
  2.46
  1.11
  7.93
  3.53
  2.36
  4.48
  0.25
  4.75
  2.01
  0.86
  3.93
  0.57
  1.25
  3.54
  1.47
  5.27
  3.46
  6.10
  0.24
  1.05
  3.17
  1.84
  9.69
  2.51
  1.41
  0.43
  0.18
  6.75
  7.97
  5.88
  1.32
  0.43
  1.58
  5.37
  5.25
  0.04
  2.53
  4.66
  3.07
  1.31
  3.27
  3.79
  1.35
  0.70
  0.61
  1.04
  3.40
  0.60
  0.68
  3.00
  1.17
  4.02
  2.44
  4.95
  0.22
  3.35
  2.06
  2.92
  1.88
 11.39
  0.95
  1.41
  5.34
  0.43
  4.27
  1.63
  3.66
  1.98
  0.75
 17.31
  2.71
  4.38
 10.50
  3.13
  5.85
  2.04
  0.28
  2.63
  4.02
  6.09
  9.84
  3.76
 13.47
  0.37
  2.56
  6.73
  2.52
  0.70
  1.44
  0.88
  0.15
  3.56
  7.23
  9.61
  1.58
  6.85
 11.23
  3.01
  3.07
  2.07
  0.83
  2.80
  3.82
  7.52
  7.41
  5.56
  1.95
  9.50
 17.06
  6.23
 11.85
  2.27
  0.80
  5.67
  1.97
  3.19
  8.87
  0.84
  1.15
  6.13
  0.45
  7.22
  3.04
  7.80
  0.57
  4.06
  1.46
  6.22
  8.79
  5.51
  1.26
  7.13
  0.60
  1.44
  8.82
  0.37
  3.44
  2.18
  0.35
  9.45
  2.99
  2.68
  0.80
  3.55
  2.75
  5.96
  4.81
  0.28
  1.10
  2.20
  0.99
  0.90
  1.40
  4.07
  1.41
  1.71
  8.00
  8.56
  1.02
  0.71
  7.67
  0.69
  2.33
  0.09
  1.02
  0.85
  1.04
  1.00
  2.01
  7.27
  2.24
  7.17
 17.43
  1.65
  0.28
  5.31
  1.88
  2.73
  0.76
  1.20
  2.19
  4.40
  1.67
  7.54
  1.69
  2.55
  0.08
  0.45
  6.86
  0.04
  2.07
  4.60
  0.29
  0.29
  3.17
  3.15
  4.28
  1.51
  1.95
  7.33
  2.17
  1.49
  0.23
  1.87
  0.53
  4.59
  2.58
  0.82
 10.32
  2.50
  0.78
  1.35
  4.88
  0.55
  0.50
  2.08
  2.78
  0.49
  0.67
  4.76
  7.85
  3.95
  1.03
  2.55
  1.86
  4.49
  2.41
  4.10
 16.05
  4.71
  3.60
  7.75
  5.18
  2.94
  1.09
  4.76
  5.04
  1.76
  0.89
  5.73
  8.05
  1.53
 15.64
  8.82
  5.80
  0.83
  3.15
  3.41
  2.07
  6.66
  2.21
  0.82
  1.95
  3.99
  5.48
  4.08
  0.38
  2.39
  6.79
  0.01
  1.33
 12.55
  0.67
  4.00
  4.02
  4.88
  1.10
  1.00
  2.26
  1.07
 10.59
  5.48
  3.24
  4.25
 14.58
 21.52
  1.09
  0.56
  0.46
  4.03
  0.03
  1.01
  2.81
  6.36
  3.80
  3.69
  2.02
  3.38
  6.36
  1.10
  1.34
  0.34
  4.73
  7.44
  1.69
  6.04
  5.35
  5.83
  2.48
  7.60
  6.87
  1.73
  5.56
  0.52
  0.94
  6.02
  9.93
  5.47
  1.05
  0.21
  1.04
  5.80
  0.83
  3.59
  6.76
  4.67
  2.27
 12.87
  2.85
  1.74
  1.04
  1.17
  0.40
  7.31
  2.38
  5.30
  0.85
  1.17
  8.53
  0.54
 11.33
  0.63
  0.47
  2.16
  0.31
  0.13
  0.48
  2.94
  1.07
  0.76
  5.41
  0.87
  0.00
  0.27
  0.10
  2.02
  4.31
  1.14
  0.78
  2.61
  1.13
  1.05
  7.58
  2.89
  6.98
  1.04
  1.51
  5.96
  7.01
  2.07
  1.34
  0.79
  2.79
  6.11
  0.73
  3.71
  3.80
 10.02
  2.91
  0.73
  2.38
  2.55
  1.73
  1.38
  0.42
  0.97
  3.09
  0.89
  0.16
  1.05
  2.13
  7.15
  0.27
  2.76
  0.56
  0.46
 17.41
  2.70
  3.48
  0.74
 29.96
  0.73
  0.35
 11.23
  1.12
  1.23
  1.64
  4.25
  0.17
  2.43
  2.48
  4.32
  2.41
 13.68
  2.06
  1.14
  0.65
  4.94
  3.34
  0.45
  3.00
  2.99
  3.24
  4.47
  7.04
  1.59
  1.71
 11.07
  0.86
  3.02
  3.00
  6.99
  0.61
  2.07
  3.00
  2.41
  5.34
  0.36
  0.94
  1.17
  2.64
 22.43
  1.55
  2.84
  9.76
  7.05
  4.62
  1.88
  0.48
  2.29
  1.41
  0.14
  0.18
  0.68
  4.61
  4.14
  0.51
  1.20
  1.42
  1.85
  3.23
  1.06
  1.69
  0.48
  1.33
  3.64
  0.67
  7.31
  0.53
  1.24
  0.05
  8.85
  0.39
  3.50
  0.78
  1.47
  0.91
  4.47
  2.63
  4.19
  2.90
  2.20
  0.69
  3.49
  1.75
  4.65
  1.83
  1.08
  0.45
  2.74
  0.72
  0.48
  1.47
  3.90
  1.83
  3.68
  4.43
  4.35
  6.24
  3.70
  3.44
  2.13
  1.71
  6.49
  0.40
  1.87
  1.44
  1.98
  2.52
  5.56
  1.60
  2.25
  5.81
  1.36
  3.37
  4.87
  0.46
  4.27
  9.34
  0.08
 11.65
  2.47
  0.64
  0.77
  0.99
  8.23
  2.69
  5.79
  8.94
  7.55
  8.19
  0.68
  2.87
  0.93
 26.71
  2.75
  5.98
  0.31
  1.15
  9.62
  5.68
  4.54
  0.30
  4.02
  0.74
  0.54
  0.58
  4.52
  2.61
  3.48
  1.00
  2.73
  2.90
  4.99
  1.10
  1.05
  9.65
  0.95
  3.48
 15.18
  4.46
  1.00
  7.02
  3.36
  2.33
  5.17
  2.44
  4.11
  0.71
  2.80
  1.40
 10.86
 10.76
  2.74
  2.22
  3.55
  2.88
  3.16
  3.96
  0.27
  1.45
  0.36
  0.15
  0.36
  4.91
  1.28
  1.48
  3.81
  6.81
  1.57
  1.29
  0.62
  0.09
 13.04
  1.70
  5.26
  1.35
  5.22
  3.57
 13.90
  1.14
  4.36
  2.39
  6.87
  0.26
 18.25
  5.87
  2.27
  2.69
  0.35
  4.99
  1.51
  0.32
  0.29
  5.36
  9.77
  6.78
  7.00
  2.01
  8.24
  1.99
  1.55
  1.42
  2.25
  0.17
  6.76
  0.99
  2.21
  6.33
  6.79
  5.24
  0.62
  1.50
  0.92
  1.46
  1.91
  3.47
  6.84
  3.37
  8.91
  1.15
  2.00
  0.10
  0.68
  2.43
  3.67
  0.73
  3.61
  1.77
  3.59
  2.30
 10.23
  0.27
  2.43
  0.66
  1.11
  1.87
  6.15
  0.24
  4.49
  2.46
  2.89
  2.09
  1.38
  0.34
  3.81
  0.27
  2.23
  2.77
  1.08
  0.82
 10.22
  0.91
  6.00
  1.29
  3.26
  2.90
  1.70
  2.47
  1.99
  1.32
  0.55
  1.35
  3.71
  5.13
  2.54
  2.00
  1.50
  5.79
  9.19
  1.85
  0.61
  1.70
  2.27
  6.44
  4.26
  3.24
  1.63
  0.18
  5.18
  5.19
  1.32
  4.95
  1.30
  1.34
  3.82
  0.37
  1.74
  1.89
  2.03
  5.05
  3.88
  3.81
  4.68
  0.45
  2.08
  0.24
  0.95
  1.09
  7.78
  0.68
  4.18
  0.57
  1.57
  2.66
  5.25
  4.93
  4.75
  0.05
  0.09
  0.32
  6.67
  5.12
  1.13
  4.93
  2.98
  2.79
  0.05
  3.08
  2.27
  0.77
  2.21
  3.56
  5.95
  0.37
  0.52
  3.00
  4.92
  5.12
  0.30
  3.52
 24.56
  0.80
  5.05
  7.33
  7.01
  3.68
  1.44
  2.62
  2.41
  2.37
 12.04
  0.97
  6.12
  9.92
  0.40
  3.06
  2.14
  2.25
  2.40
  0.37
  1.27
 10.19
  0.28
  7.27
  2.27
  1.59
  3.96
  2.92
  2.65
  0.28
  1.18
  6.25
  1.82
  1.68
  2.84
  0.70
  6.80
  0.33
  3.42
  0.47
  2.56
  1.05
  3.29
  0.55
  3.23
  2.84
 18.10
  7.75
  1.49
  2.64
  0.66
  1.03
  5.63
  4.00
  0.27
  0.84
  1.54
  9.88
  1.00
  0.40
  2.79
  6.24
  2.97
  0.94
  0.24
  4.85
  0.33
  1.45
  2.91
  0.10
  0.38
  2.91
 13.10
  0.07
  1.47
  0.75
  0.72
  1.02
  1.56
  1.50
  4.56
  8.76
  2.64
  1.04
  1.05
  2.10
  2.32
  1.06
  0.11
 11.50
  1.71
  5.50
  1.52
  0.27
  1.53
  0.23
  1.84
  2.06
  0.95
  1.35
 13.83
  5.72
  1.53
  4.19
  1.96
  2.48
  1.81
  4.25
  8.94
  6.14
  8.44
  0.50
  0.48
  9.91
  9.35
  4.89
  4.00
  0.28
  2.07
  1.53
  7.78
 10.89
  3.56
  4.05
  1.30
  1.45
  4.39
  3.71
  0.73
  0.42
  1.90
  3.55
  2.54
  1.74
  1.28
  6.14
  2.00
  0.78
  0.79
  2.82
  0.73
  2.82
  4.88
  0.57
  5.80
  2.05
  4.05
  1.08
  4.47
  1.97
  3.54
  2.06
  1.57
  5.11
  2.35
  8.54
  0.40
  1.04
  9.78
  1.67
  2.04
  1.14
  5.72
  6.55
  6.81
 11.78
  0.72
  1.29
  2.24
  1.70
  0.76
  2.26
  4.14
  7.59
  3.07
  6.47
 10.46
  1.39
 10.58
  0.60
  2.92
 12.26
  4.52
  3.46
 11.53
  2.39
  7.04
  1.09
 12.74
  9.53
  1.21
  4.37
  1.36
  1.26
  1.53
  5.21
  4.37
  2.89
  2.99
  1.56
  4.06
  2.93
  3.93
  5.28
  1.22
  0.28
 12.65
  5.13
  0.87
  2.78
  2.40
  1.69
  1.07
  6.42
  0.31
  2.85
  2.95
  3.93
  7.07
  1.68
  0.12
  0.32
  3.46
  4.91
  9.92
  0.35
  2.90
  2.82
  1.98
  5.20
  2.00
  7.01
  2.68
 33.89
  2.48
  1.56
  3.28
  0.92
 19.11
 10.76
  3.47
  3.15
  7.10
  6.44
  0.36
  1.37
  0.29
  0.75
  2.53
  1.66
  2.70
  3.12
  2.33
  1.36
  3.45
  0.71
  2.02
  0.83
  4.66
  0.88
  0.92
  1.47
  4.64
  0.28
  5.61
  1.70
  0.72
  2.92
  2.44
  7.57
  2.41
  2.63
  0.48
  0.72
  2.55
  2.10
  1.65
 13.67
  2.43
  0.83
  7.98
  0.21
  7.94
 11.05
  0.06
 11.92
  2.72
  3.54
  0.13
  3.73
  7.24
  7.08
  0.69
  5.34
  0.43
  5.18
  0.94
  0.90
  0.74
  2.35
 15.69
  2.16
  1.54
  0.42
  1.06
  0.70
  2.87
  1.12
  2.64
  0.03
  4.31
  2.04
  6.08
  9.13
  1.84
  1.74
  0.32
  3.74
  2.32
  2.63
  2.69
  2.02
  0.77
  7.91
  1.68
  0.10
  1.04
  6.31
  0.39
  0.85
  0.18
  5.01
  1.55
  1.95
  3.16
  0.65
  0.30
  1.21
  0.49
  1.58
  4.79
  0.73
  7.59
  4.18
  1.71
  7.44
  1.18
  0.70
  0.13
  5.93
  1.80
  5.50
  0.06
  9.25
  1.19
  2.65
  0.95
  1.58
  6.72
  5.01
  3.11
  2.35
  1.57
  2.32
  2.83
  0.96
  3.26
  5.66
  2.29
  4.64
  1.52
  3.08
  0.68
  4.74
  0.03
  1.14
  1.72
  5.11
  1.07
  5.04
  1.36
 11.23
  0.14
  3.03
  0.60
  4.26
  0.42
  1.78
  4.06
  8.50
  0.66
  4.70
  7.13
  2.35
  2.94
  2.77
  6.15
  0.13
  3.74
  0.16
  2.60
 11.64
  0.73
  0.16
  2.28
  0.85
  7.73
  2.47
  2.85
  1.99
  1.43
  5.69
  0.63
  3.72
  1.29
  1.61
  3.74
  4.48
  1.09
  2.69
  2.71
  1.65
  2.28
  9.68
  0.50
  3.17
  5.99
  3.02
  2.67
  8.66
  0.72
  0.97
  0.29
  1.02
  0.59
  2.09
  1.45
  0.36
  0.42
  1.93
  4.64
  0.74
  2.56
 10.05
  7.75
  0.84
  1.39
 13.95
  0.07
  2.11
 16.76
  0.86
  1.11
  4.11
  5.71
  2.74
  7.13
  2.59
  4.04
  0.27
  0.53
  1.74
  5.44
  3.81
  1.02
  0.98
  0.09
  3.25
  4.10
  0.74
  5.14
  1.08
  1.21
  0.02
  0.83
  4.91
  1.08
  5.30
  0.52
  1.88
  2.34
  1.78
  5.23
  0.84
  7.15
  9.08
  1.57
  2.61
  3.50
  5.51
 12.97
  2.93
  4.79
  3.95
  0.25
  0.45
 11.08
  3.59
  2.42
  0.30
  1.24
  0.25
  0.10
  0.08
  6.52
  0.86
  2.87
  0.07
  0.43
  3.24
 15.66
  0.84
 12.29
  5.73
  0.99
  0.61
  3.36
  5.04
  6.06
  5.11
  2.02
  9.11
  2.05
  6.80
  5.99
  4.77
  8.34
  3.72
  3.28
  0.10
  0.40
  3.51
  5.58
  1.24
  0.05
  2.38
  0.25
  0.62
  0.80
  1.71
  0.30
  6.52
  2.24
  2.93
  2.00
  2.37
  0.58
  5.83
  7.14
  0.13
  2.31
  4.71
  1.54
  7.25
  3.40
  0.04
  0.93
  8.04
  3.05
  0.34
  4.74
  8.05
  4.58
  3.42
  0.26
  1.90
  1.90
  3.24
  6.53
  4.50
 15.69
  1.00
  0.65
  2.36
  1.21
  0.08
  1.26
  2.58
  8.13
 10.27
 11.19
  4.72
  4.12
  3.17
  7.59
  1.24
  0.37
  0.11
  6.51
  0.27
  2.48
  3.68
  0.61
  1.80
  5.27
  4.25
  4.38
  1.07
  0.14
  3.82
  2.82
  2.99
  1.14
  0.20
  3.30
  0.60
  1.41
  1.48
  0.66
  4.19
  1.80
  5.95
  3.36
  0.43
  0.11
  7.53
  3.81
  0.45
  0.15
  0.23
  0.90
  2.05
  4.22
  1.13
  3.94
 12.70
  5.15
  2.05
  1.45
  1.16
  2.07
  2.07
  8.80
  4.06
  1.44
  0.25
  0.21
  1.66
  4.12
  0.39
  1.17
  0.56
  4.05
  6.99
  0.20
  0.53
  4.30
  0.15
  2.35
  4.86
  1.25
  0.60
  4.68
  0.86
  3.00
  1.68
  1.05
  3.17
  1.79
  0.02
  3.64
  6.22
  1.74
  1.70
  0.63
 13.47
  1.41
  2.63
  3.04
  9.61
  2.83
  3.08
  8.45
  6.23
  1.69
  3.81
  5.92
  3.47
  3.08
 15.41
  5.18
  3.46
  2.26
  1.21
  8.08
  1.72
  3.75
  3.35
  4.92
  1.34
  3.49
  6.53
  4.45
  6.92
  5.58
  2.49
  0.76
  1.64
  2.92
  0.59
  2.29
  0.72
  0.94
  0.50
  3.43
  3.13
  4.37
  2.12
  7.15
  4.23
  0.66
  1.12
  0.25
  0.34
  5.12
  4.84
  1.24
  9.23
  4.81
  7.98
  0.62
  0.44
  0.43
  1.03
  2.98
  0.12
  1.94
 14.16
  0.28
  2.80
  0.74
  5.61
  5.07
  2.53
  5.21
  1.00
  4.91
  2.58
  5.52
  5.10
  3.39
  1.34
  1.73
  0.94
  6.26
  4.11
 10.99
  9.88
  4.74
  0.66
 12.08
  3.36
  1.96
  1.49
  4.63
  1.69
  0.02
  2.61
  0.62
  3.90
  2.05
  3.78
  4.83
  1.14
  1.17
  0.10
  0.87
  2.47
  7.71
  4.13
  0.23
  2.53
  1.54
  4.74
  0.76
  0.67
  1.26
  0.95
  1.61
  1.77
  0.95
  7.31
  1.47
  4.49
  3.85
  4.79
  0.31
  1.16
  1.17
  0.57
  1.87
  1.10
  1.57
  0.78
  3.87
  0.39
  2.57
 10.74
  2.36
  8.30
  3.02
  0.05
  4.46
  5.62
  0.53
  3.85
  7.80
  1.87
  0.35
  0.30
  4.34
  0.42
  1.51
  6.07
  3.47
  2.84
  0.72
  2.39
 11.78
  5.02
 10.78
  4.02
  1.31
  0.96
  1.84
  2.00
  4.04
  0.17
  3.45
  0.55
  0.19
  2.23
  4.95
  3.78
  2.06
  3.85
  0.08
  0.07
  3.73
 10.40
  2.56
  3.17
  3.00
  0.15
  7.81
  3.24
  7.08
  1.70
  0.52
 11.46
  4.77
  8.86
  1.29
  2.39
  1.04
  4.18
  1.96
  5.35
  6.31
  9.34
  0.97
  4.75
  0.40
  5.15
  5.81
  5.67
  6.21
  0.36
  1.29
  0.50
  6.28
  9.92
  5.22
  3.46
  2.63
  1.17
  4.89
 12.77
  6.63
  2.62
  1.10
  0.14
  7.19
  2.54
  0.35
 19.11
  0.21
  2.12
  2.67
  8.13
  4.30
  0.92
  0.41
  7.76
  1.34
  1.45
  0.06
  6.89
  5.96
  0.59
  4.50
  0.32
  2.08
  3.20
  5.40
  2.02
  0.90
  5.76
  0.80
  2.47
  4.99
  4.97
  4.75
  0.22
  1.00
  6.11
  4.68
  1.56
  4.42
  1.37
  3.33
  1.41
  2.19
  0.44
  0.36
  3.93
  1.78
  4.82
  4.49
  0.75
  0.44
  5.68
 10.76
  3.35
  4.03
  2.65
  2.12
  0.72
  0.17
 12.96
  3.06
  5.25
  1.94
  3.20
 17.19
  9.24
  1.22
  0.24
  2.97
  2.31
  1.37
  0.88
  0.18
  0.59
  8.57
  3.51
  1.77
  5.11
  7.74
  0.29
  0.83
  0.75
  4.50
  2.08
  7.69
 10.26
  0.38
  3.41
  4.07
  3.76
  4.46
  0.76
  2.61
  1.94
  4.75
  2.02
  3.75
  2.97
  6.34
  5.63
  1.90
  2.33
  0.66
  0.19
  0.28
  6.89
  1.03
  1.30
  1.66
  0.09
  1.68
 10.75
 11.27
 16.99
  2.83
  4.14
  0.59
  9.52
  4.10
  0.42
  3.60
  0.33
  1.72
  0.35
  1.67
  1.79
  6.54
  4.71
  3.90
  0.59
  0.02
  2.09
  1.62
  1.72
  1.66
  1.31
  3.14
  0.51
  2.49
  2.20
  6.75
  1.70
  3.12
  6.48
  1.71
 10.58
  2.26
 13.47
  1.05
  2.10
  8.99
  0.15
  0.12
  0.48
  0.27
  1.45
  3.70
  3.40
 12.48
  0.97
  3.79
  0.36
  1.55
  9.72
  0.28
  0.88
  0.12
  0.09
 12.23
  9.36
  1.53
  9.44
  2.34
  2.80
  7.00
  6.32
  3.38
  5.89
  1.53
  0.67
  0.11
  1.50
  0.48
  4.91
  0.47
  3.53
  0.91
 13.93
  2.59
  2.83
  0.51
  6.31
 10.91
  0.97
  0.42
  4.85
  2.72
  0.93
  3.67
  7.30
  2.73
  0.33
  4.76
  2.83
  0.31
  2.37
  0.06
  1.21
  2.48
  1.45
  1.65
  2.60
  1.06
  2.66
  3.44
  7.04
  3.28
  1.16
 12.12
  0.22
  2.38
  0.28
  9.71
  2.26
  0.11
  1.13
  1.70
  8.94
  2.56
  0.29
  3.18
  0.43
  9.97
  7.47
  2.85
  0.73
  0.51
  3.87
  0.31
  2.66
  2.74
  4.90
  1.24
  3.38
  2.00
  0.91
  5.92
  0.31
  2.66
  5.88
  8.78
  5.14
  4.80
  3.93
  5.91
  5.06
  1.65
  4.01
  2.52
  2.71
  5.88
 10.40
  0.57
  2.04
  3.35
  5.56
  3.88
  4.68
  1.21
  3.82
  1.53
  0.10
  0.45
  3.78
  1.55
  2.64
  6.86
  2.09
  0.65
  4.41
  0.99
  2.20
  2.77
  0.39
  6.88
  2.77
 13.25
 10.30
  1.50
  5.12
  0.24
  7.10
  3.04
  2.80
  1.54
  0.35
  4.51
  2.90
  0.31
  1.31
  6.72
  5.91
  5.92
  2.21
  7.43
  4.35
  0.79
  2.70
  6.41
  3.17
  5.48
  0.57
 10.21
  0.10
  0.51
  2.30
  0.42
  6.85
  9.17
  1.42
  1.13
  0.51
  2.67
  1.92
  0.28
  0.18
  0.98
  1.02
  6.09
  1.74
  1.04
  6.60
  1.33
  1.22
  3.90
  2.46
  2.91
  3.15
  0.13
  1.44
  5.39
  5.99
  2.42
  0.61
  2.83
  2.97
  2.21
  0.98
  5.37
  1.33
  4.98
  3.88
  0.97
  3.07
  3.62
  0.92
  2.68
  1.61
  0.46
  2.94
  8.78
  0.65
  6.98
  9.21
  3.07
  5.96
  1.75
  5.27
  2.35
  0.31
  0.14
  0.82
  5.51
  6.13
  4.24
  5.07
  0.51
  0.85
  2.13
 11.34
  3.67
  1.23
  9.24
  2.40
 16.00
  1.71
  0.81
  4.23
 13.71
  2.16
 11.49
  0.21
  4.25
  6.35
  6.93
  0.09
  2.22
 12.27
  6.85
  2.87
  1.75
  8.23
  4.62
  7.66
  6.35
  2.13
  6.20
  2.91
 10.28
  0.31
  3.30
  0.88
  4.75
  0.78
  1.54
  2.92
  5.10
  0.25
  1.19
  0.91
  0.59
  2.90
  6.89
 14.83
  3.71
  2.37
  2.40
  2.40
  3.18
  3.98
  2.74
  0.54
  1.80
  2.56
  5.07
  1.46
  0.48
  2.77
  2.60
  0.50
  2.95
  0.47
  1.57
  1.70
  0.13
  4.09
  0.32
  2.36
  3.31
 15.38
  0.90
  6.19
  0.27
  4.94
  1.72
  0.58
  0.45
  2.44
  5.47
  1.82
  1.29
  4.80
  1.00
  3.57
  6.36
  5.08
  9.38
  3.13
  0.92
  1.68
  3.89
  2.37
  6.02
  0.48
  0.59
  3.16
  1.81
  5.63
  9.75
  0.76
  5.92
  0.72
  2.63
  6.29
  0.63
  1.57
  1.15
  7.52
  1.23
  0.31
  0.57
  4.87
  6.59
  0.96
  2.99
  3.43
  4.02
  2.22
  8.87
 11.13
  0.47
  0.51
  1.25
  5.40
  0.01
  2.31
  0.50
  3.89
 10.19
  3.27
  8.20
 11.81
  0.63
  4.05
  3.12
  0.86
  5.38
  2.30
 11.14
  1.34
  2.29
  1.27
  3.78
  4.86
  3.80
  3.60
  1.75
  5.67
  0.72
  2.13
  0.23
  0.60
  6.60
  0.62
  0.32
  4.16
  0.03
  1.35
  0.50
  2.34
  1.04
  2.42
  6.15
  1.91
  2.86
  8.99
  8.70
  1.48
  1.29
 11.10
  4.10
  0.99
  1.18
  0.79
  5.67
  1.08
  7.17
  1.50
  1.97
  1.35
  1.31
  4.93
  1.75
  2.71
  4.21
  0.88
  4.29
 10.22
  5.88
  1.98
  3.99
  3.82
  1.92
  3.28
  0.35
  0.06
  1.45
 11.05
  5.22
 17.33
  0.21
  0.85
  0.76
  4.42
  0.40
  1.76
  6.28
  2.53
  2.23
  7.78
  7.54
  0.99
  6.61
  1.89
  1.30
  0.32
  7.05
  2.30
  3.04
  0.02
  0.97
  3.20
 10.22
  3.28
  3.37
  6.89
  1.56
  5.90
  4.20
  0.28
  7.75
  2.54
  0.33
  8.18
  7.21
  1.12
  2.53
  1.87
  2.80
  1.79
  0.33
  6.99
  0.57
  3.50
  4.11
  0.36
  2.03
  1.71
  9.72
  1.48
  2.45
 12.27
  0.17
  9.10
  0.71
  0.82
  1.22
  7.18
  8.07
  5.34
  0.49
  2.11
  1.05
  3.97
  0.98
  1.64
  2.00
  5.63
  0.11
  4.99
  4.33
  0.05
  6.78
  4.01
  0.96
  9.21
  3.09
  0.49
  6.79
  0.36
 16.36
  0.53
  2.32
  2.80
  0.55
  3.36
  8.58
  2.15
 11.45
  3.00
  1.11
  0.30
  0.51
  0.24
  0.18
  4.51
  2.79
  1.87
  2.31
  3.45
  4.29
  1.39
  1.97
  0.34
  4.51
  5.18
  1.45
  9.92
  1.01
  1.40
  0.43
  4.57
  2.28
  2.60
  0.72
  0.04
  1.12
  3.45
  2.45
 11.92
  5.62
  0.72
  0.76
  1.78
  0.96
  0.49
  0.54
  0.48
  0.76
  0.41
  8.52
  0.35
  4.61
  6.34
  3.94
  0.06
  3.00
  1.82
  4.21
  1.89
  6.09
  0.53
  6.15
  7.10
  8.42
  1.24
  0.89
  0.67
  2.16
  0.06
  4.94
  2.80
  1.74
  9.07
  6.16
  0.36
  2.03
  0.91
 12.18
  0.99
  0.11
  7.52
  1.18
  0.94
  1.19
  1.49
  1.02
  1.93
  2.65
  1.22
  0.65
  0.96
  9.45
  1.52
  2.16
  0.41
  1.56
  6.78
  2.95
  0.32
  3.79
  1.21
  1.38
  0.86
 15.53
  1.50
  2.33
  4.80
  3.22
  6.16
  0.04
  1.09
  2.10
  0.94
 13.71
  1.55
  1.66
  0.98
  3.36
  3.81
  6.37
  3.01
  5.25
  4.57
  7.94
  1.79
  2.59
  1.09
  6.01
  4.07
  0.01
  1.76
  0.26
  2.30
  4.29
  0.40
  4.16
  9.44
  0.27
  1.50
  1.21
  0.52
  0.64
  3.09
  3.69
  6.54
  6.70
  1.24
  1.67
  3.69
  4.16
  3.53
  1.25
  0.25
  1.43
  0.57
  2.85
  3.27
  2.64
  5.92
  3.40
  6.27
  3.82
  0.48
  0.95
  3.94
  0.31
  3.12
  0.09
  1.17
  1.76
  0.63
  0.99
  2.14
  3.50
  4.95
  4.17
  1.01
  0.68
  2.49
 15.91
  0.08
  4.20
  3.26
  3.12
  0.36
  1.92
  2.41
  0.41
  0.69
  0.88
  0.96
  3.71
  0.41
  2.64
  0.66
  4.09
  8.71
  0.47
  3.04
  5.23
  0.12
  2.45
  5.56
  2.00
  0.71
  1.92
  0.81
  2.07
  1.87
  4.85
  2.27
  7.29
  3.43
  0.02
  1.28
  0.90
  1.55
  2.26
  0.67
  1.79
  0.55
  3.78
  2.02
  5.64
  9.11
  3.60
  1.35
  0.50
  0.02
  6.85
  0.27
  1.48
  5.48
  0.59
  6.20
  2.17
  0.13
  0.18
  4.98
  3.44
  0.05
 11.61
  3.45
  3.01
  4.66
  1.77
  0.11
  1.43
  0.18
  6.36
  3.78
  0.12
  3.05
  2.57
  1.89
  1.90
  4.78
  3.63
  3.18
  1.97
  6.98
 10.19
  2.33
  3.06
  3.41
  4.35
  8.18
  4.89
  8.22
  2.39
  3.62
  2.19
 17.69
  1.53
  7.28
  6.97
  4.59
  3.47
  2.20
  7.01
  2.26
  2.51
  6.16
  1.72
  5.82
  2.44
  1.88
  0.19
  5.49
  0.75
  1.94
  0.19
  0.40
  0.37
  6.61
  0.81
  0.46
  0.15
  2.72
  8.49
  0.69
  1.20
  1.37
  7.10
  9.21
  0.06
  5.39
  0.44
  0.84
  0.08
  0.45
  1.76
  5.01
  1.32
  2.42
  0.27
  3.97
  0.48
  8.48
  8.80
  0.21
  1.60
  3.05
  9.09
  0.82
  0.34
  6.19
  9.23
  5.85
  2.79
  1.92
  2.03
  3.84
  0.98
  7.70
  2.33
  0.17
  0.32
  1.81
  4.04
  2.42
  9.34
 11.02
  0.64
  7.33
  0.75
  0.54
  4.22
  2.84
  1.90
  3.66
  3.11
  0.19
  0.04
  0.63
  3.03
  1.48
  0.62
  4.77
  0.48
  1.68
  5.41
  3.61
  4.97
  2.59
  0.86
  1.59
  4.50
  1.95
  2.39
  0.67
  4.20
  0.73
  0.54
  3.06
  0.91
  9.18
  9.35
  5.42
  5.17
  2.90
  1.73
 10.12
  0.85
  0.58
  2.61
  3.39
  0.46
  0.55
  9.71
  6.82
  2.71
  0.66
  0.59
  2.69
  2.30
  2.34
  1.27
  7.76
  1.95
  4.76
  0.40
  1.53
  7.02
  4.62
  2.71
  5.01
  6.38
  0.32
  4.55
  4.48
  1.18
  2.42
 12.69
  1.47
  1.47
  0.46
  5.62
 11.09
  0.75
  5.24
  5.16
  0.82
  0.21
  1.49
  0.71
  0.67
  0.08
  9.05
  0.03
  1.44
  2.96
  0.18
  3.70
  1.34
  4.38
  2.15
 13.02
  4.44
  0.42
  0.35
  5.27
  1.06
  1.27
  4.14
  2.88
  0.31
  5.52
  2.25
  2.18
  0.16
  1.59
  0.62
  1.58
  2.66
  8.73
 13.43
  9.75
  0.48
 11.18
 13.25
  1.74
  1.08
  5.00
  2.28
 14.78
  2.19
  1.90
  4.33
  2.02
  0.20
  0.50
  2.78
  1.06
  0.41
  0.74
  9.35
  4.78
  0.83
  8.28
  1.97
  0.70
  6.39
  1.40
  1.02
  3.59
  1.16
  1.29
  0.73
  1.97
 10.02
  5.15
  6.98
  3.55
  2.84
 12.10
  3.06
  5.26
  0.37
  1.61
  0.04
  7.57
  0.12
  8.72
  2.90
  0.61
  1.63
  1.40
  0.91
  2.67
  1.27
  0.61
 10.51
  6.32
  6.16
  1.97
  3.41
  7.08
  4.03
  6.59
  0.01
  0.10
  1.64
  0.15
  5.24
  2.71
  5.69
  6.37
  8.22
  3.30
  1.40
 10.95
  4.22
  4.31
  3.75
  0.26
  3.79
  1.49
  2.51
  0.07
  1.61
 12.80
  9.00
  0.97
  4.06
  0.00
  2.41
  3.06
  2.39
  0.81
  0.84
  2.18
  4.18
  5.99
  0.17
  1.78
  1.91
  1.13
  3.82
  1.38
  1.99
  2.74
  0.38
  2.58
 15.42
 15.14
  1.06
  5.50
  2.68
 14.05
  0.22
  6.52
  2.13
  0.05
  0.34
  0.41
  4.51
  2.68
  0.42
  1.35
  1.27
  8.57
  4.48
  0.36
  0.59
 10.35
  3.54
  0.28
  3.77
  4.51
  1.49
  1.89
  2.30
  2.89
  1.48
  4.09
 12.16
  1.37
  1.56
  0.10
  1.45
  1.78
  0.07
  3.04
  1.61
  7.30
  0.82
  1.04
  0.81
  1.93
  4.47
  6.51
  0.44
  0.76
  2.09
  8.55
  1.33
  6.77
  1.71
 11.41
  0.22
  0.52
  1.74
  3.53
  4.69
  4.80
  1.17
  8.72
  6.71
  2.03
  2.94
 12.84
 12.91
  2.81
  6.16
  2.51
  1.16
  0.60
  8.72
  2.28
  3.36
  3.72
  2.89
  2.20
  1.66
  0.47
  0.66
  0.87
  2.31
  1.03
  1.33
  8.60
  0.87
  6.08
  1.82
  1.08
  0.78
  3.37
  0.60
 10.43
  0.05
  6.91
  0.57
  1.62
  0.40
  1.91
  1.07
  1.57
  1.93
  7.44
  0.36
  3.40
  6.65
  5.32
  0.54
  1.36
  9.54
  1.81
  0.88
  2.35
 14.24
  0.48
  1.26
  1.08
  1.21
  1.48
  7.62
  7.35
  1.84
  3.31
  9.66
  0.69
  8.35
  5.94
  1.09
  4.62
  4.73
 12.65
  0.96
  6.76
  0.15
  1.18
  2.39
  0.87
  0.79
  0.26
  2.34
  5.31
  1.64
  2.22
  2.57
  5.94
 13.39
  4.30
  1.06
  0.51
  2.17
  7.69
  1.64
  0.92
  1.38
  0.68
  0.80
  2.91
  0.30
  3.17
  6.44
  0.67
  9.82
  0.50
  6.84
  3.59
  0.66
  1.60
  2.69
 12.91
  9.29
  3.46
  3.40
  1.04
  1.73
  2.52
  8.21
  0.60
  2.21
  0.00
  1.11
  4.48
  1.33
  1.53
  7.66
  5.96
  0.62
  1.04
  5.98
  2.18
  1.06
  0.64
  2.46
  9.42
  1.85
  1.32
  5.82
  0.91
 12.47
  1.46
  0.01
  0.03
  9.27
  1.88
  6.45
  1.61
  3.12
  0.12
  0.68
  5.45
  1.89
 16.61
  5.40
  0.96
  4.31
  2.27
  3.44
  1.09
  0.09
 14.10
  1.60
  0.95
  3.04
  1.38
  0.18
  3.77
  4.51
  2.15
  0.06
 10.65
  1.73
  1.14
  1.47
  1.60
  0.68
  6.26
  1.87
  1.82
  2.15
  2.88
  0.88
  0.60
  1.26
  0.34
  0.80
  0.32
  2.17
  3.68
  1.04
  6.89
  0.45
  1.62
  8.05
  2.05
  4.31
  3.41
  0.22
  1.32
  0.28
  0.37
 10.67
  5.11
  0.31
  2.21
  4.72
  1.49
  4.05
  3.51
  0.45
  2.29
  2.17
  5.40
  5.47
  4.43
 21.58
  0.90
  0.69
  4.79
  0.68
  4.31
  3.29
  1.43
  0.21
  0.84
  3.77
  0.68
  0.42
  1.68
  1.09
  9.55
  2.35
  0.29
  0.32
 16.46
  3.18
  0.22
  0.34
  3.95
  5.04
  3.34
  6.83
  6.73
  1.41
  1.80
  4.43
 10.86
  4.61
  1.60
  0.06
  4.22
  3.43
  5.51
  2.97
  5.85
  1.17
  0.11
  0.80
  2.11
  4.33
  0.05
  3.86
  0.17
  7.06
  0.77
  5.51
  0.12
  1.26
  0.60
  0.07
  1.86
  4.39
  4.92
  0.98
  3.77
  0.18
  1.27
  2.86
  2.36
  0.92
  0.95
  1.99
  3.81
  7.41
  3.77
  1.46
  0.02
  1.64
  0.87
  0.73
  2.78
  3.00
  2.02
  4.34
  1.79
  1.31
  4.20
  0.46
  0.14
  2.64
  1.64
  1.39
  0.89
  7.06
  2.93
  0.70
  1.45
  5.60
  2.01
  5.68
  0.40
  5.99
  0.29
  1.62
  6.06
  1.00
  0.19
  0.32
  5.07
  0.03
  9.51
  2.99
  8.58
  0.78
  2.72
  2.81
  4.25
  4.57
  0.17
  0.16
  1.18
 19.14
  1.90
  3.71
  1.22
  7.60
  2.18
  0.38
  0.18
  7.24
  0.37
  6.14
  3.07
  0.69
  0.19
  0.62
  1.38
  3.54
  4.38
  0.09
  3.39
  0.31
  4.56
  2.54
  0.06
  1.11
  6.76
  7.29
  1.35
  2.89
  9.35
  0.60
  1.61
  1.20
  2.27
  1.27
  0.63
  0.87
  0.57
  3.41
  1.40
  0.48
  1.10
  0.44
  1.17
  0.23
  6.79
  3.38
  8.76
  9.74
  9.82
  1.78
  1.76
  5.05
  4.03
  1.13
  1.56
  2.33
  0.13
  2.80
  0.43
  2.44
  0.35
  5.39
  0.31
  3.98
  0.55
  4.55
  5.99
  0.66
  1.38
  3.22
  6.30
  6.32
  1.28
  2.10
  7.04
  1.64
  1.38
  2.62
  1.39
  2.11
  0.87
 14.61
  3.13
  4.08
  0.44
  3.43
  8.88
  3.25
  5.32
  2.39
  3.72
  0.63
  6.83
  7.08
  1.26
  0.15
  0.49
  1.61
  2.75
  1.21
  1.77
  3.37
 15.11
  0.22
 14.05
  0.15
  4.49
  2.09
  2.40
  6.10
  4.59
  1.25
  4.37
  0.86
  3.22
  1.44
  2.81
  1.45
  1.53
  1.78
  1.15
  1.33
  0.34
 10.41
  3.25
 17.99
  1.21
 10.64
  4.69
  4.05
  4.56
  0.24
  2.38
  1.91
  1.04
  1.05
  1.12
  3.21
  8.87
  1.73
  0.09
  0.63
  6.08
  2.20
  6.33
 13.33
  6.18
  3.42
  2.37
  3.94
  4.94
  2.02
  6.62
 10.71
  2.93
  3.46
  2.54
 13.84
  4.75
  4.16
  2.14
  3.39
  3.14
  4.95
  7.12
  7.95
  8.36
  5.98
  2.89
  3.73
  2.03
  0.28
  0.04
  1.62
  1.77
  3.85
  5.88
  3.72
  2.13
  1.24
  3.52
 12.85
  8.86
  8.42
  3.46
  0.60
  1.11
  2.05
  1.18
  3.99
  0.46
  7.01
  2.67
  3.60
  2.02
  1.04
  0.66
  2.22
  0.51
  2.18
  0.89
  2.68
  2.65
  0.19
  7.81
  0.83
  1.00
  3.51
  1.97
  1.59
  2.73
  3.20
  0.21
  4.63
  2.27
  8.76
  1.21
  2.14
  2.92
  0.95
  4.05
  9.77
  0.15
  8.44
  7.26
  6.79
  0.47
  2.30
 11.46
  5.44
  0.22
  0.16
  0.06
  6.16
  6.26
  1.40
  0.51
  1.05
  4.47
  6.14
  5.13
  2.11
  0.08
  3.39
  2.57
  0.10
  1.27
  0.78
  2.14
  2.35
  0.35
  1.58
  0.83
  4.92
  0.75
  0.02
  0.19
  4.26
  8.76
  2.48
  0.20
  2.37
  2.16
 15.27
  3.63
  4.67
  2.42
  2.32
  0.54
  0.04
  0.38
  3.09
  0.12
  5.95
  0.85
  9.39
  7.16
  7.66
  5.25
  7.62
  0.34
  2.14
  0.23
  8.55
  5.55
 10.87
  2.04
  4.02
  2.41
  0.18
  3.42
  2.07
  5.93
  1.83
  9.54
  2.58
  4.52
  3.73
  0.67
  2.21
  0.91
  6.42
  0.65
  0.88
  2.43
  0.51
  6.41
  1.08
  4.36
  7.57
  2.08
  2.45
  7.29
  3.61
  4.43
  0.31
  4.51
  6.52
  2.60
  4.00
 10.76
  0.28
  2.80
  0.60
  3.62
  5.28
  0.72
  2.06
  2.83
  1.68
  0.60
  3.30
  6.50
  1.17
  1.05
  2.52
  3.81
  2.32
  8.99
  4.69
  2.27
  1.61
  0.14
  0.28
  0.59
  6.98
  0.29
  0.12
  0.17
  1.22
  1.12
  0.12
  2.77
  1.91
  1.14
  0.39
  0.85
  3.37
  3.23
  3.24
  1.24
  3.61
  1.76
  4.64
  0.34
  5.03
  0.43
  0.76
  6.89
  0.27
  2.83
  1.98
  3.86
  7.36
  0.54
  0.35
  1.74
  1.79
  1.50
  1.97
  5.10
  1.40
  1.06
  1.16
  0.45
  1.59
  6.65
  9.72
  0.32
  1.45
  1.12
  3.90
  1.44
  0.12
  5.38
  0.58
  2.25
  3.24
  4.90
  1.31
  7.02
  5.40
  7.51
  0.23
  2.01
  1.45
  3.10
  0.93
  4.48
  2.84
  8.20
  3.78
  1.68
  1.72
  0.26
  1.01
  2.24
  3.21
  0.05
 14.85
  1.05
  4.95
  5.05
  3.89
  0.13
  0.09
  0.86
  7.62
  1.49
  4.85
  3.80
  3.49
  0.72
  0.20
  2.14
  3.49
  8.60
  1.80
  2.07
  2.74
 11.51
  5.27
  0.82
  1.40
 16.19
  6.22
  4.21
  1.63
  0.96
  0.58
  5.51
  1.39
  1.26
  2.21
  1.10
  0.69
  6.98
  4.18
 10.33
  5.24
  3.67
  4.32
  4.07
  7.35
  0.34
  2.17
  4.23
  4.40
  2.10
  0.90
  1.95
  8.07
 11.63
  1.25
  1.16
  2.08
  7.46
  7.10
  2.01
 16.30
  0.02
  0.73
  2.83
  6.36
  1.32
  2.42
  1.94
  5.27
  3.99
  8.47
  6.51
  2.92
  7.49
 12.59
  0.89
  0.33
  0.65
  1.64
  8.44
  7.16
  3.86
  6.68
  2.98
  1.24
  9.83
  3.01
  0.42
  0.34
  1.57
  0.40
  4.58
  0.17
  3.18
  0.05
  0.89
  2.91
  1.16
  8.71
  1.01
  4.30
  0.92
  6.64
  1.56
  3.54
  7.26
  1.80
  1.14
  0.58
  6.33
  3.55
  2.65
  0.20
  3.69
  3.29
  4.42
  4.44
  2.90
  1.68
  5.42
  1.40
  2.22
  2.66
  1.22
  0.23
 14.09
  0.70
  1.38
  3.22
  0.00
  3.34
  2.90
  4.62
  4.34
  3.13
  3.00
  7.62
  2.56
  1.16
  2.32
  0.30
  2.32
  4.08
  1.82
 11.89
  4.06
  2.22
  1.41
  3.69
  8.71
  0.16
  1.03
  1.53
  2.75
  0.04
 16.27
  3.48
  8.61
  2.14
 12.13
  0.41
  0.85
  3.32
  1.09
  3.65
  3.39
  8.39
 12.70
  0.38
  0.08
  1.21
  0.81
  0.30
  0.78
  2.75
  5.99
  9.39
  5.06
  1.62
  1.75
  2.28
  2.37
  4.85
  0.99
  8.01
  2.58
  1.96
  3.51
  3.85
 12.53
  2.01
  1.88
  0.50
  6.01
  1.00
  4.57
  4.22
  0.51
 13.02
  0.73
  5.71
  4.35
  3.18
  5.43
  1.24
  5.21
  5.14
  6.72
  1.89
  0.14
  0.19
  7.48
  3.04
  0.45
  4.68
  6.11
  3.95
  1.79
  3.55
  1.46
  3.19
  6.67
  2.33
  2.49
  1.35
  6.61
  1.19
  2.48
  6.07
  1.77
  0.56
  1.08
  5.27
  1.50
  0.06
  1.54
  2.39
  0.85
  0.87
  1.33
  0.21
  2.83
  0.32
  4.71
  1.48
  1.98
  5.54
  3.44
  2.47
  0.82
  4.26
  4.64
  3.89
  6.92
  4.01
 14.99
  2.10
 13.40
  5.07
  6.05
  0.16
  2.06
  3.63
  1.99
  0.53
  2.05
  8.04
  1.35
  3.05
  1.14
  7.14
  0.24
  1.85
  1.54
 12.93
  0.84
  7.55
  4.80
  1.14
  0.48
 16.41
 17.56
  2.44
  0.38
  0.70
  1.04
  2.06
  1.08
  3.21
  8.60
  2.52
  2.60
  6.71
  1.14
  0.46
  2.84
  1.15
  1.97
  4.44
  2.89
  4.41
 23.52
  9.60
  1.01
  0.74
  1.36
  0.21
  9.44
  3.97
  7.28
  3.35
  2.93
  0.12
  3.40
  3.55
  2.98
  4.19
  2.00
 18.26
  6.97
  9.06
  2.70
  6.70
  0.08
  2.43
  1.00
  2.52
  2.40
  4.54
  4.62
  0.05
  2.03
  2.37
  2.49
  0.28
  1.10
  2.04
  9.43
  0.88
  2.51
  0.20
  4.01
  5.45
  1.28
  0.71
  4.24
  0.66
  2.82
  0.28
  5.73
  0.40
  1.89
  5.13
  9.72
  1.26
  3.66
  0.41
  5.69
  3.85
  3.97
  1.86
  1.33
 10.08
  5.65
  5.30
  1.96
  7.57
  4.78
  5.62
  1.34
  8.63
  1.05
  1.89
  4.04
  0.67
  1.28
  2.83
  2.90
  4.05
  2.81
  3.81
  4.64
  1.04
  6.21
  0.15
  0.04
  2.07
  2.05
  3.41
  4.43
  0.07
  1.34
  5.06
  1.07
  0.91
  0.38
 16.08
  0.58
  1.06
  0.96
  0.05
  1.03
  5.81
  9.58
  4.28
 23.26
  3.16
  1.94
  1.42
  1.69
  2.11
  6.04
  1.83
  2.76
  1.82
  3.45
  0.17
  0.23
  6.28
  5.81
  0.90
  1.85
  3.31
  0.89
  4.26
  0.56
  2.72
  1.67
  2.51
  0.36
  8.12
 10.44
  3.05
  0.55
 10.38
  0.41
 10.15
  7.59
  1.10
  5.26
  3.50
  0.86
  3.20
  7.12
 15.55
  6.93
  3.29
  0.49
  3.79
  0.09
  5.16
  6.48
  1.21
 14.03
  3.70
  2.10
  1.57
  5.73
  0.24
  1.72
  0.63
  3.15
  4.73
  3.18
  0.92
  6.48
  3.13
  0.69
  2.19
  0.44
  1.51
  1.36
  3.44
  0.23
  3.07
  0.71
  3.37
  1.58
  0.13
 11.34
  4.05
  2.03
  1.49
  5.29
  1.63
  0.53
  0.27
  0.56
  1.72
  6.30
  1.30
  5.01
  2.50
  6.32
  1.66
  0.24
  3.80
  9.10
  1.90
  1.29
  0.27
  0.22
  5.13
  3.61
  0.01
  1.09
  6.23
  2.96
  0.30
  6.99
  4.76
  6.52
  9.61
  4.56
  6.94
  9.76
  1.05
  2.91
  7.34
  2.22
  2.10
  2.49
  4.43
  6.58
  2.64
  4.17
  2.74
  1.96
  6.31
  1.33
  5.14
  0.36
  5.88
  1.01
  2.97
  5.87
  3.28
  3.38
  0.95
  1.35
  0.88
  0.94
  4.20
  2.17
  1.97
  6.53
  2.07
  1.84
  2.98
  5.77
  1.41
  5.34
  0.10
  2.44
  2.59
  6.52
  1.46
  0.48
  4.30
  4.85
  3.84
  5.35
  1.85
 12.45
  1.53
  1.58
  4.24
  6.10
  2.73
  0.31
  6.11
  4.47
  0.68
  2.02
  4.69
  2.27
  0.19
  1.33
  0.64
  1.00
  5.73
  0.39
  6.78
  3.02
  3.20
  2.48
  3.81
  2.77
 13.90
  0.60
  2.87
  1.74
  5.44
  0.88
 11.50
  3.62
  2.28
  8.66
  0.34
  3.99
  3.40
  0.85
  8.65
  4.68
  0.38
  3.32
  0.06
  1.26
  1.57
  0.45
  1.85
  0.40
 12.57
  2.85
  1.36
  8.15
  3.80
  2.13
  2.43
  0.02
  8.63
 15.00
  3.18
  4.72
  0.88
  2.96
  4.04
  0.57
  8.73
  7.97
  3.50
 14.32
 13.92
  3.37
  3.38
  1.11
  3.15
  0.89
  4.05
  4.97
 10.03
  1.56
  4.34
  1.92
  0.08
  2.51
  1.41
  2.95
  0.62
  1.65
  1.03
  5.68
 19.54
  0.05
  0.05
  2.40
  4.25
  2.56
  5.08
 10.19
  4.41
  6.44
  1.98
  2.11
  1.08
  0.43
  1.19
  0.83
  6.55
  3.12
  1.10
  1.91
  2.35
  3.01
 11.51
  2.95
  2.22
  1.13
  1.89
  6.53
  1.15
  0.25
  9.67
  0.43
  3.47
  1.77
  5.52
  0.27
  0.27
  5.93
  2.11
  1.82
  3.72
  4.86
  1.08
  0.29
  8.89
  0.16
  0.98
  3.39
  2.88
  0.16
  0.86
  4.09
  2.17
  3.18
  0.86
  4.48
  2.80
  1.04
  9.62
  2.50
  0.77
  0.19
  1.41
  3.55
  1.12
  2.07
  4.17
  1.94
  1.03
  4.89
  1.29
  2.21
  0.45
  2.07
  1.56
 12.94
 14.55
  1.67
  6.36
  7.55
  0.23
  3.96
  1.12
  2.31
  1.51
  1.21
  4.91
  3.57
  1.29
  3.47
  0.60
  1.72
  0.21
  2.18
 15.35
  0.49
  1.65
  1.07
  1.41
  1.36
  0.21
  3.90
  6.00
  0.17
  3.51
  1.82
  3.15
  2.03
  4.55
  3.79
  1.40
  3.91
  0.75
  3.09
  0.10
  0.11
  0.11
  0.66
  2.34
  5.42
 10.78
  0.04
  1.10
  5.40
  0.24
  1.37
  3.34
  0.48
  2.99
  0.06
  1.99
  0.59
  3.80
  0.43
  2.20
  7.22
  1.16
  6.19
  3.86
  2.25
 11.87
  9.80
  2.64
  0.53
  0.94
  4.15
  0.46
  0.46
  3.07
  2.08
  2.86
  6.21
  3.32
  1.39
  1.34
  0.00
  8.07
  3.73
  0.01
  7.01
  3.93
  2.46
  3.45
  0.37
  1.20
  0.74
  5.57
  1.94
  0.15
  2.34
  4.72
  4.25
  6.11
  2.20
  4.07
  2.70
  1.14
 10.81
  1.64
 12.13
  2.80
  0.89
  3.02
  0.15
  3.99
  1.11
  2.81
  0.76
  1.59
  3.77
  2.36
  1.18
  3.60
  7.51
  1.75
  3.46
  0.31
  6.32
  5.41
  1.49
  0.15
  8.59
 11.23
  1.28
  1.04
  0.36
  4.17
  1.54
  7.40
  1.59
  6.73
 13.57
  2.04
  1.49
  8.55
  0.73
  3.16
  3.66
 11.30
  1.32
  0.72
  3.37
  1.54
  8.81
  3.26
  2.33
  2.91
  2.06
  0.72
  3.11
  9.35
  0.02
  1.34
  0.54
  2.55
  0.04
  7.99
  5.64
  2.47
  3.23
  2.83
  0.71
  6.97
  2.84
  0.52
  0.91
  3.56
  3.42
  0.89
  0.99
  0.09
  8.57
  5.72
  0.91
  3.75
  2.28
 13.58
  0.41
  4.57
  1.69
  2.65
  2.68
  2.67
  6.58
  0.97
  2.33
  4.44
  0.10
  2.17
  5.04
  5.90
  1.01
  0.79
  9.96
  0.13
  1.28
  3.29
  0.42
  4.56
  0.15
  0.07
  2.43
  1.70
  2.19
  0.20
  1.42
  8.25
 10.74
  0.61
  1.03
  0.57
  7.45
  0.80
  0.54
  2.05
  0.86
  3.57
  5.17
  0.61
  3.40
  1.02
  6.10
  1.82
  1.80
  6.07
  3.43
  6.48
  2.61
  1.37
  6.31
  1.13
  2.49
  3.22
  1.32
  5.66
  0.48
  3.77
  1.37
  2.33
  0.88
  2.67
  1.19
  3.24
  2.38
  5.72
  2.27
  5.17
  1.39
  5.38
  4.89
  5.48
  1.90
  7.84
  5.97
  0.09
  6.34
  3.97
  0.38
  9.96
  4.86
  5.65
  0.97
  3.69
  1.24
  0.14
  2.23
  4.34
  1.66
 10.66
  4.15
  1.01
  0.69
  0.95
  1.45
  0.07
  4.69
  1.08
  0.90
  0.63
  0.42
  1.07
  3.26
  1.03
 13.01
  4.46
  3.93
  0.42
  3.71
  6.93
  1.39
  2.66
  1.98
  2.87
  0.20
  6.71
  1.59
  4.31
  1.21
 10.53
  6.78
  0.34
 16.69
  6.46
  1.97
  0.40
  2.99
  1.12
  5.99
  1.43
  3.98
  3.44
  0.43
  7.03
  7.05
  2.31
  1.21
 15.85
  0.43
  7.53
  3.28
  1.18
  1.32
  3.21
  2.77
  5.10
 16.72
  2.88
  2.61
  9.23
  7.95
  1.34
  6.20
  2.18
  2.16
  1.62
  0.67
  0.59
  1.12
  2.32
  0.42
  0.60
  7.34
  0.27
  3.65
  0.90
  3.41
  8.13
  9.82
  0.98
  0.02
  2.11
  2.96
  3.24
  3.37
  6.84
  3.89
  0.45
  0.15
  1.11
  0.20
  2.10
  1.07
  0.10
  0.14
  6.12
  4.86
  1.99
  2.52
  4.18
  8.32
  2.12
  9.66
  1.84
  9.47
 16.41
  0.55
  5.65
  6.60
  1.52
  0.42
  0.68
  0.99
  0.77
  1.77
  1.27
  2.26
  0.29
  1.60
  0.51
  4.29
  2.75
  2.18
  2.35
  1.69
  2.66
 13.47
  1.58
 15.42
  2.45
  0.55
  0.25
  4.25
  1.27
  9.27
 10.51
  8.30
  0.40
  2.80
  0.54
  0.23
  1.36
  3.38
  9.11
  4.19
  1.00
  8.39
  2.76
  1.91
  0.26
  6.74
  0.11
  6.30
  1.06
  1.74
  1.68
  1.53
  6.42
  0.20
  3.65
  3.84
  1.07
  0.24
  3.48
 10.70
  4.83
  3.66
  6.48
  6.39
  1.72
  3.95
 14.07
  0.24
  1.94
  0.47
  5.23
  0.01
  0.93
  0.32
  0.56
  9.92
  3.84
  0.93
  1.83
  0.04
  2.20
  0.05
  0.52
 10.16
 21.77
  0.15
  1.46
  6.02
  2.61
  0.67
  2.78
  4.31
  1.90
  6.02
  0.06
  0.52
  0.81
  0.43
  7.74
  2.38
  0.87
  1.97
  6.89
  2.51
  0.03
  0.06
  0.14
  8.04
  0.87
  1.72
  6.40
  4.85
  1.54
  2.58
  0.37
  2.38
  3.58
  2.03
  1.84
  1.60
  0.02
  7.14
  1.91
  1.77
  3.52
  0.23
  9.07
  1.96
  0.60
  0.88
  5.88
  0.21
  1.00
  2.03
  5.39
  2.97
  2.74
  0.29
  1.12
  6.77
  0.76
  5.37
  0.61
  8.04
  0.39
  3.29
  8.88
  0.53
  0.10
  4.50
  5.76
  1.24
  1.24
  5.41
  2.69
 10.39
  1.71
  2.35
  2.17
 27.14
  5.70
 20.45
  2.64
  0.45
  8.40
  0.63
  0.90
  0.45
  2.26
  0.63
  2.35
  3.43
  3.99
  7.22
 13.57
  2.46
  1.28
  5.36
 12.53
  1.16
  1.69
 10.38
  3.06
  0.20
 17.28
  0.63
  1.26
  1.11
  1.87
  3.43
  5.57
  6.49
  5.75
  6.54
  4.97
  2.81
  4.61
  4.89
  3.50
 11.20
  6.48
 13.92
  0.37
  2.69
  3.83
  0.15
  0.47
  9.67
  3.81
  0.88
  2.71
  5.91
  5.09
  0.15
  0.21
  1.17
  3.60
  2.61
  0.12
  4.47
  4.79
  0.13
  0.89
  1.91
  2.70
  1.27
  5.13
  0.79
  1.71
  1.83
  2.20
  8.37
  3.09
  2.13
  0.21
  3.12
  3.38
  0.01
  7.34
  3.99
  2.19
  0.60
  1.05
  1.50
  3.24
  1.34
  1.20
  8.96
  2.34
  4.99
  1.21
  0.24
  1.55
  8.73
  0.01
  4.85
  5.17
 13.25
  0.43
  2.45
  2.58
  2.60
  2.89
  7.78
  0.94
  0.35
  1.41
  1.57
  4.14
 11.04
  0.83
  4.94
  5.94
  0.71
 20.05
  0.38
  0.28
  5.41
  2.28
  1.14
  0.31
  3.67
 19.91
  0.96
  0.51
  2.69
  5.80
  2.53
  1.04
  1.14
  2.78
  1.29
  0.34
  0.84
  5.67
  1.11
  1.43
  2.97
  0.13
  4.24
  2.17
  2.45
  0.86
  4.11
  2.75
  0.63
 13.68
  2.96
  1.61
  5.27
  1.78
  0.42
  3.81
  1.32
  5.36
  2.02
  1.24
  0.77
  1.57
  0.60
  7.96
  1.08
  2.45
  2.00
  5.39
  0.37
  4.48
  0.70
  0.86
  3.81
  1.59
  1.09
  1.26
  1.72
  5.58
  2.82
  0.39
  3.54
  4.66
  1.35
  0.23
  1.81
  1.66
  0.65
  1.43
  2.21
  2.58
  0.54
  0.49
  7.65
  6.46
  3.04
  3.22
  0.15
  2.52
  2.92
  2.55
 14.57
 12.39
  0.22
 10.04
  2.47
  5.85
  0.61
 14.30
  0.16
  3.64
 12.85
  1.60
  7.71
  3.42
  0.49
  1.35
  1.82
  3.76
  7.27
  1.70
  0.27
  1.36
 11.62
  3.12
  2.47
  2.11
  4.49
  7.27
  1.13
  3.07
  4.58
 10.16
  4.89
  5.39
  3.68
  5.30
  5.44
  1.21
  2.92
  2.25
  2.14
  4.11
  7.32
  1.96
  1.01
  8.69
  0.25
  1.81
  6.93
  7.02
  1.23
  2.48
  2.92
  1.93
  2.17
  2.72
  1.25
  3.95
  9.23
  4.47
  0.36
  5.85
  2.88
  2.13
  3.01
  3.64
  1.93
  0.05
  4.97
  1.18
  0.38
  7.50
  7.40
  3.18
  2.41
  4.70
  1.08
  2.79
  7.78
  3.76
  2.98
  0.21
  2.30
  0.24
  0.25
  5.39
 16.92
  1.75
  5.52
  1.94
  0.09
  2.10
  1.79
  2.57
 13.26
 10.08
  0.43
  1.90
  5.27
  2.27
  8.43
  0.83
  7.18
  0.27
  4.28
  3.02
  0.05
  6.53
  0.97
  1.11
  4.73
  2.79
  1.16
  0.25
  7.87
  3.87
  6.30
  1.95
  3.14
  4.64
  1.23
  2.81
  1.02
  5.86
  1.00
  1.98
  9.79
  3.04
  4.44
  4.37
  4.80
  6.80
  8.27
  1.79
 12.09
  0.94
  1.36
  2.02
  1.01
  1.55
  1.29
  0.90
  1.65
  4.32
  1.05
  2.43
  3.49
  2.96
  0.15
  9.47
  8.00
  0.27
  7.80
  0.59
  6.10
  0.57
  3.56
  4.25
  5.13
  0.76
  6.47
  0.23
  3.00
  5.69
  0.35
  0.46
  3.21
  2.90
  0.34
  5.66
  0.15
  2.11
  4.25
  1.90
  5.39
  1.48
  1.45
  1.78
  1.92
  1.80
  0.14
  2.28
  5.80
  3.32
  2.96
  0.25
  2.11
  1.35
  0.54
  2.18
  3.41
  1.86
  1.43
  3.97
  3.61
  2.80
  2.04
  1.28
  1.62
  0.83
  0.37
  4.95
  3.38
  1.99
  5.45
  0.95
  2.18
  4.69
  0.27
  0.98
  0.63
 15.48
  4.68
  4.87
  0.63
  2.27
  0.22
  3.80
  1.06
  0.24
  0.28
  3.55
 11.45
  2.94
  8.22
  9.49
  2.38
  4.84
  2.13
  2.43
  0.69
  0.12
  1.63
  0.69
  2.14
  0.92
  0.55
  1.83
  1.16
  2.25
  2.08
  2.23
  5.26
  4.12
  6.12
  3.88
  5.70
  4.95
  2.10
  2.75
  0.48
  2.44
  5.39
  7.00
 11.49
  4.80
  4.47
  3.11
  0.88
  0.51
  5.61
  0.45
  0.31
  1.13
  4.40
  2.96
  5.89
  0.23
  0.25
 11.96
  8.11
  0.65
  0.05
  4.51
  0.69
  0.66
  2.42
  8.48
  0.67
  0.04
  3.01
  5.10
  4.94
  3.12
  3.80
  0.64
  1.09
  3.99
  0.18
  3.77
  2.56
  1.95
  1.93
  1.91
  3.49
  7.88
  5.75
 10.99
  5.05
  1.55
  3.01
  3.84
  2.33
  1.21
  6.10
  5.28
  3.93
  0.38
  1.64
  3.29
  0.15
  5.25
  7.59
  0.87
  1.33
  0.16
  0.81
  1.44
  3.85
  0.66
  2.73
  1.47
  9.21
  9.56
  3.32
  0.47
  6.76
  0.10
  4.63
  1.99
  0.61
  2.60
  0.82
  2.81
  1.83
 15.28
  0.74
  5.20
  2.42
  9.32
  3.22
  8.29
  1.16
  5.88
  0.95
  0.07
  0.13
 11.26
  1.75
  0.03
  8.56
  1.71
  7.12
  0.61
  1.00
  2.17
  5.87
  0.27
  9.44
  0.02
  0.50
  1.70
  6.61
  8.27
  4.98
 11.88
 12.40
  2.82
  1.02
  5.84
  3.39
  0.87
  8.34
  5.20
  2.62
  0.39
  0.79
  3.82
  5.74
  3.01
  1.55
 11.05
  1.54
 12.43
  1.24
  2.08
  0.10
  0.69
  0.41
  0.64
  4.29
  4.34
  7.73
  3.12
  0.16
  3.09
  4.33
  0.54
  5.71
  1.22
  6.07
  1.01
  6.23
  2.06
  2.84
  7.65
  6.60
  2.39
  6.30
  1.08
 11.25
  2.93
  5.25
  0.30
  1.86
  1.84
  2.11
  0.61
  4.71
  4.65
  4.92
  3.66
  0.99
  1.92
  2.53
  4.37
  3.46
  4.66
  0.68
  2.89
  4.67
  9.15
  3.77
  0.53
  1.11
  0.67
  5.41
  0.53
  6.78
  3.87
  3.01
  0.40
  5.63
  0.67
  2.91
  1.80
  0.49
  3.63
  0.46
  1.44
  1.86
  0.19
  3.75
 10.12
  4.31
  6.42
  0.55
  1.50
  0.98
  2.99
 11.07
  8.74
  7.79
  3.69
  1.44
  1.40
  2.91
  0.29
  1.60
  1.65
  5.93
  8.37
  7.53
  0.30
  1.45
  4.31
  0.45
  2.53
  6.04
 13.70
  0.49
  4.26
  2.71
  6.51
  2.96
  2.90
  7.62
  2.77
  2.59
  0.56
  4.59
  2.91
  0.63
  3.19
  1.49
  6.41
  0.88
  3.59
  1.70
  1.01
  4.98
  3.23
  1.54
  3.15
  3.67
  0.35
  1.56
  2.57
  4.59
  0.71
  1.18
  3.79
  3.24
  6.74
  3.50
  2.17
  2.51
  2.38
  3.26
  0.42
  2.58
  3.40
  0.12
  1.56
  2.46
  6.99
 13.40
  3.91
  1.99
  0.15
  4.27
  0.44
  0.84
  0.49
  0.37
  3.52
  1.16
  1.46
  6.01
  0.91
  2.99
  5.68
  7.80
  2.75
  1.00
  0.31
  1.93
  2.04
  2.72
  1.38
  1.16
  3.53
  7.10
  5.18
  9.26
  4.88
  2.56
  0.81
  4.74
  3.03
  0.42
 10.51
  2.47
 16.98
  0.79
  2.51
  8.22
  2.15
  1.31
  2.41
  2.48
  1.87
  3.88
  7.42
  1.24
  0.32
  0.02
  0.91
  3.30
 30.10
  0.81
  3.05
  3.78
  1.02
  6.07
  0.80
 11.48
  0.16
  2.72
  0.66
  2.52
  0.83
  4.86
 13.87
  2.77
  2.67
  2.35
  1.64
  6.75
  0.73
  9.90
  4.08
  1.59
  2.05
  0.79
  2.44
 13.00
 13.76
  1.58
  1.73
  0.89
  2.03
  2.25
  2.25
  1.21
  6.68
  0.22
  4.50
  5.38
 12.00
  2.84
  0.69
  4.71
  0.06
  1.28
  0.14
  3.98
  0.82
  1.40
  5.47
  2.48
  4.31
  1.62
  2.00
  2.34
  0.00
  1.42
  2.09
  2.81
  1.85
  0.88
  0.54
  2.44
  1.04
  7.44
  1.16
  4.10
  5.86
  6.33
  0.30
  2.66
  3.00
  0.50
  0.31
  1.16
  5.16
  1.44
  0.30
  5.38
  7.05
  4.03
  0.11
  4.39
  2.05
  1.24
  5.11
  3.72
  5.52
  6.30
  0.88
 12.97
  9.61
  6.05
  0.77
  2.41
  0.69
  1.17
  4.53
  2.82
  0.69
  0.86
  0.85
  2.10
  2.40
  5.20
  0.24
  0.94
  4.18
 11.59
  3.40
  0.32
  8.24
  0.07
  0.12
  2.10
 11.59
  4.24
 14.17
  2.57
  3.77
  3.74
  3.43
  0.05
  8.14
  2.17
  7.35
  7.28
  0.81
  4.17
  0.71
  0.63
  2.48
  4.24
  1.35
  1.73
  4.08
  1.02
  0.18
  1.43
  2.41
  1.77
  3.61
  1.37
  0.15
  1.06
  4.07
  2.29
  2.15
  5.91
  2.05
  5.13
  3.34
  3.06
  2.84
  7.61
  1.07
  2.56
  0.14
 17.76
  1.68
  0.17
  0.22
  3.53
  4.74
  7.05
  0.06
  1.15
  2.08
  1.65
  3.34
  4.56
  0.26
 10.33
  5.39
  3.92
  1.09
  3.41
 15.49
  6.58
  3.43
  1.72
  2.17
  2.48
  2.69
  1.84
  0.01
  1.13
  1.91
  1.18
  3.21
  3.15
 10.24
  5.59
  5.49
  0.43
  0.34
  0.70
  0.86
  1.36
  0.90
  2.40
  3.26
  1.91
  1.72
  7.81
  1.11
  0.35
  9.83
  3.34
  4.21
  4.31
  0.23
  0.57
  1.33
  2.26
  4.23
  2.31
  0.45
  0.99
  2.38
  1.02
  2.01
  0.36
  8.61
  2.41
  0.09
  7.65
  4.33
  4.18
 13.71
  1.67
  3.48
  0.11
 14.10
  0.21
  1.99
  0.21
  0.85
  2.85
  5.53
  1.13
  0.88
  7.82
  6.41
 14.29
  7.99
  6.06
  1.34
 19.91
  2.23
  3.07
  1.80
  2.14
  0.92
  2.54
  1.88
 11.90
 10.47
  0.21
  2.52
  1.13
  3.57
  0.81
  5.68
  3.23
  3.90
  5.13
  3.17
  4.40
  4.47
  1.70
  4.48
  2.61
  1.47
  1.12
  4.56
  0.40
  0.68
  2.51
  1.52
  2.95
  7.46
  1.66
  7.14
  7.40
  4.59
  1.50
  2.80
  1.85
  2.87
  2.01
  0.03
  2.25
  6.76
  5.06
  1.69
  0.65
 12.68
  7.16
  3.93
 10.67
  2.50
  3.66
  1.02
  6.31
  5.04
  1.57
  2.28
  2.70
  3.09
  2.23
  1.58
  0.33
  2.70
  1.78
  7.69
  0.52
  0.95
  1.50
  3.89
  3.89
  0.78
  2.02
  7.47
  4.04
  3.77
  2.99
  3.23
  0.39
  0.46
  0.33
  3.80
  2.20
  4.02
  1.43
  1.43
  9.92
  0.29
  0.34
  0.92
  4.16
  5.75
  1.82
  5.62
  2.61
  4.35
  8.35
  3.68
  1.92
  9.07
  2.27
  8.36
  7.72
 12.91
  4.24
  3.98
  1.82
  4.43
  4.75
  0.89
  0.62
  4.64
  0.27
  1.13
  2.53
  1.23
  5.18
  1.68
  1.44
  1.22
  7.10
  7.34
  0.62
  1.25
  1.45
  4.54
 12.44
  1.38
  8.90
  1.08
  3.60
  2.55
  1.22
  0.90
  9.12
  6.20
  4.29
  4.82
  1.87
  1.20
  3.84
  6.98
  0.17
  2.43
  5.77
  4.48
  2.60
  7.54
  8.82
  6.77
  1.96
  0.18
  1.03
  5.15
  0.90
  0.30
  3.70
  4.81
  3.67
  0.50
  4.29
  5.34
  0.16
  2.40
  0.29
  8.48
  3.46
  2.31
  0.33
  1.37
  6.04
  0.94
  5.36
  0.28
  0.21
  2.09
  2.87
  3.73
  2.02
  2.02
  2.92
  2.79
  0.66
  1.98
  3.09
  3.04
 10.95
  5.95
  0.22
  6.40
  7.44
  1.02
  1.09
  0.86
  1.60
  0.62
  2.99
  0.56
  2.00
  0.98
  7.19
  6.36
  2.30
  1.88
  0.16
  4.62
  0.74
  7.46
  2.13
  6.51
  2.92
  4.73
  6.16
  0.60
  3.28
 12.24
  2.07
  1.94
  0.74
  2.00
  1.04
  1.11
  3.06
  3.21
  1.21
  3.90
 15.90
 16.79
  3.48
 12.63
  0.36
  1.42
  4.63
  0.91
  0.22
  5.47
  2.01
  3.70
  0.09
  1.60
  1.81
  2.07
  1.61
  3.49
  2.09
  1.78
  6.36
  9.36
  2.67
  7.43
  1.45
  4.86
  3.99
  2.60
  0.30
  0.03
  0.33
 12.06
  4.53
  1.06
  8.34
  1.39
  7.11
  0.14
  4.32
  1.44
  5.92
  0.93
  7.37
  0.26
  6.94
  8.01
  2.44
  2.66
  1.96
  1.49
  0.45
  2.61
  0.22
  2.72
 19.27
 21.26
  0.22
  1.07
  2.27
  1.59
  1.01
 13.06
  8.73
  0.05
  0.05
  3.62
  2.42
  1.41
  1.22
  4.57
  9.04
  2.32
  3.26
  1.84
  0.61
  9.14
  8.99
  0.49
  0.19
 11.82
  2.23
